COMPUTATIONAL INTELLIGENCE PROJECT REPORT
=========================================
Student: s347245
Parameters: Alpha=1.00, Beta=1.00, Density=1.00, Cities=1000
=========================================

PERFORMANCE COMPARISON
-------------------------
 - Baseline Cost:       192,936.2
 - Algorithm Cost:      192,816.2
 - Absolute Improvement: 120.1
 - % Improvement:       0.06%
 - Result:              IMPROVEMENT

CITY COVERAGE DETAIL:
City ID    | Available    | Visits  
-----------------------------------
1          | 842.9        | 1       
2          | 446.9        | 1       
3          | 953.0        | 1       
4          | 651.1        | 1       
5          | 116.8        | 1       
6          | 885.2        | 1       
7          | 489.8        | 1       
8          | 142.5        | 1       
9          | 153.5        | 1       
10         | 687.8        | 1       
11         | 48.3         | 1       
12         | 287.3        | 1       
13         | 140.6        | 1       
14         | 441.6        | 1       
15         | 414.9        | 1       
16         | 522.4        | 1       
17         | 280.4        | 1       
18         | 33.0         | 1       
19         | 614.8        | 1       
20         | 374.3        | 1       
21         | 651.7        | 1       
22         | 109.6        | 1       
23         | 14.8         | 1       
24         | 249.0        | 1       
25         | 457.1        | 1       
26         | 394.7        | 1       
27         | 810.5        | 1       
28         | 378.5        | 1       
29         | 530.9        | 1       
30         | 593.9        | 1       
31         | 22.8         | 1       
32         | 515.6        | 1       
33         | 345.5        | 1       
34         | 421.9        | 1       
35         | 101.2        | 1       
36         | 783.0        | 1       
37         | 942.5        | 1       
38         | 23.2         | 1       
39         | 601.8        | 1       
40         | 764.1        | 1       
41         | 285.5        | 1       
42         | 787.8        | 1       
43         | 632.7        | 1       
44         | 929.2        | 1       
45         | 981.0        | 1       
46         | 43.3         | 1       
47         | 445.5        | 1       
48         | 547.4        | 1       
49         | 147.6        | 1       
50         | 336.9        | 1       
51         | 987.7        | 1       
52         | 17.2         | 1       
53         | 453.1        | 1       
54         | 842.8        | 1       
55         | 324.6        | 1       
56         | 480.3        | 1       
57         | 978.1        | 1       
58         | 475.4        | 1       
59         | 131.8        | 1       
60         | 52.7         | 1       
61         | 945.5        | 1       
62         | 266.5        | 1       
63         | 504.6        | 1       
64         | 91.6         | 1       
65         | 424.2        | 1       
66         | 930.2        | 1       
67         | 502.9        | 1       
68         | 971.2        | 1       
69         | 259.6        | 1       
70         | 505.0        | 1       
71         | 859.7        | 1       
72         | 448.8        | 1       
73         | 280.2        | 1       
74         | 855.6        | 1       
75         | 390.5        | 1       
76         | 531.2        | 1       
77         | 976.6        | 1       
78         | 187.3        | 1       
79         | 302.1        | 1       
80         | 32.0         | 1       
81         | 392.4        | 1       
82         | 201.0        | 1       
83         | 680.4        | 1       
84         | 182.1        | 1       
85         | 675.1        | 1       
86         | 264.2        | 1       
87         | 355.9        | 1       
88         | 349.5        | 1       
89         | 717.0        | 1       
90         | 467.0        | 1       
91         | 361.9        | 1       
92         | 852.8        | 1       
93         | 572.4        | 1       
94         | 214.6        | 1       
95         | 900.2        | 1       
96         | 343.3        | 1       
97         | 39.9         | 1       
98         | 495.1        | 1       
99         | 124.8        | 1       
100        | 239.2        | 1       
101        | 747.4        | 1       
102        | 131.6        | 1       
103        | 807.1        | 1       
104        | 937.0        | 1       
105        | 606.9        | 1       
106        | 710.6        | 1       
107        | 713.9        | 1       
108        | 992.8        | 1       
109        | 342.2        | 1       
110        | 163.7        | 1       
111        | 519.6        | 1       
112        | 533.7        | 1       
113        | 178.7        | 1       
114        | 613.5        | 1       
115        | 15.1         | 1       
116        | 927.7        | 1       
117        | 265.3        | 1       
118        | 40.5         | 1       
119        | 109.1        | 1       
120        | 241.0        | 1       
121        | 274.6        | 1       
122        | 33.8         | 1       
123        | 280.1        | 1       
124        | 193.7        | 1       
125        | 379.2        | 1       
126        | 385.8        | 1       
127        | 339.7        | 1       
128        | 328.6        | 1       
129        | 90.6         | 1       
130        | 26.2         | 1       
131        | 202.9        | 1       
132        | 756.9        | 1       
133        | 990.8        | 1       
134        | 928.6        | 1       
135        | 504.7        | 1       
136        | 532.3        | 1       
137        | 315.3        | 1       
138        | 774.2        | 1       
139        | 765.0        | 1       
140        | 844.4        | 1       
141        | 895.6        | 1       
142        | 434.9        | 1       
143        | 767.1        | 1       
144        | 806.6        | 1       
145        | 309.2        | 1       
146        | 929.3        | 1       
147        | 95.2         | 1       
148        | 994.3        | 1       
149        | 770.3        | 1       
150        | 94.2         | 1       
151        | 656.6        | 1       
152        | 35.1         | 1       
153        | 770.4        | 1       
154        | 799.4        | 1       
155        | 602.8        | 1       
156        | 857.0        | 1       
157        | 98.8         | 1       
158        | 276.6        | 1       
159        | 414.8        | 1       
160        | 43.4         | 1       
161        | 448.8        | 1       
162        | 265.9        | 1       
163        | 393.3        | 1       
164        | 425.7        | 1       
165        | 879.5        | 1       
166        | 271.1        | 1       
167        | 893.8        | 1       
168        | 426.5        | 1       
169        | 328.5        | 1       
170        | 503.0        | 1       
171        | 418.3        | 1       
172        | 258.1        | 1       
173        | 503.2        | 1       
174        | 152.6        | 1       
175        | 352.6        | 1       
176        | 566.2        | 1       
177        | 414.0        | 1       
178        | 824.1        | 1       
179        | 257.5        | 1       
180        | 969.8        | 1       
181        | 784.9        | 1       
182        | 967.6        | 1       
183        | 838.3        | 1       
184        | 143.0        | 1       
185        | 526.9        | 1       
186        | 170.8        | 1       
187        | 818.4        | 1       
188        | 584.6        | 1       
189        | 264.2        | 1       
190        | 929.7        | 1       
191        | 116.1        | 1       
192        | 564.3        | 1       
193        | 721.3        | 1       
194        | 59.8         | 1       
195        | 598.3        | 1       
196        | 816.1        | 1       
197        | 68.5         | 1       
198        | 512.7        | 1       
199        | 259.3        | 1       
200        | 663.3        | 1       
201        | 119.6        | 1       
202        | 937.1        | 1       
203        | 894.8        | 1       
204        | 186.8        | 1       
205        | 323.9        | 1       
206        | 588.0        | 1       
207        | 718.3        | 1       
208        | 443.2        | 1       
209        | 157.1        | 1       
210        | 105.0        | 1       
211        | 999.8        | 1       
212        | 455.9        | 1       
213        | 872.7        | 1       
214        | 482.9        | 1       
215        | 922.4        | 1       
216        | 88.7         | 1       
217        | 114.9        | 1       
218        | 929.7        | 1       
219        | 947.5        | 1       
220        | 315.4        | 1       
221        | 355.8        | 1       
222        | 453.0        | 1       
223        | 416.7        | 1       
224        | 190.9        | 1       
225        | 898.5        | 1       
226        | 254.1        | 1       
227        | 705.6        | 1       
228        | 68.1         | 1       
229        | 39.7         | 1       
230        | 654.1        | 1       
231        | 339.7        | 1       
232        | 655.8        | 1       
233        | 94.9         | 1       
234        | 949.9        | 1       
235        | 748.8        | 1       
236        | 876.4        | 1       
237        | 137.3        | 1       
238        | 320.8        | 1       
239        | 369.0        | 1       
240        | 537.6        | 1       
241        | 297.6        | 1       
242        | 61.6         | 1       
243        | 369.5        | 1       
244        | 255.3        | 1       
245        | 386.5        | 1       
246        | 197.8        | 1       
247        | 262.6        | 1       
248        | 627.3        | 1       
249        | 388.8        | 1       
250        | 346.0        | 1       
251        | 534.4        | 1       
252        | 772.1        | 1       
253        | 379.5        | 1       
254        | 587.9        | 1       
255        | 966.2        | 1       
256        | 522.5        | 1       
257        | 909.9        | 1       
258        | 793.9        | 1       
259        | 59.7         | 1       
260        | 429.7        | 1       
261        | 698.6        | 1       
262        | 986.7        | 1       
263        | 458.9        | 1       
264        | 93.7         | 1       
265        | 562.4        | 1       
266        | 127.4        | 1       
267        | 751.8        | 1       
268        | 508.2        | 1       
269        | 723.7        | 1       
270        | 869.5        | 1       
271        | 629.3        | 1       
272        | 612.8        | 1       
273        | 754.8        | 1       
274        | 842.6        | 1       
275        | 869.2        | 1       
276        | 37.4         | 1       
277        | 556.6        | 1       
278        | 217.1        | 1       
279        | 860.5        | 1       
280        | 648.7        | 1       
281        | 420.8        | 1       
282        | 188.9        | 1       
283        | 339.7        | 1       
284        | 704.1        | 1       
285        | 205.2        | 1       
286        | 94.5         | 1       
287        | 888.1        | 1       
288        | 764.4        | 1       
289        | 200.6        | 1       
290        | 293.0        | 1       
291        | 972.1        | 1       
292        | 708.5        | 1       
293        | 610.9        | 1       
294        | 308.3        | 1       
295        | 299.8        | 1       
296        | 40.5         | 1       
297        | 728.8        | 1       
298        | 44.1         | 1       
299        | 5.9          | 1       
300        | 729.8        | 1       
301        | 948.9        | 1       
302        | 756.7        | 1       
303        | 472.2        | 1       
304        | 486.6        | 1       
305        | 436.7        | 1       
306        | 325.3        | 1       
307        | 522.2        | 1       
308        | 431.7        | 1       
309        | 598.6        | 1       
310        | 898.2        | 1       
311        | 995.0        | 1       
312        | 79.7         | 1       
313        | 385.3        | 1       
314        | 181.5        | 1       
315        | 352.8        | 1       
316        | 288.2        | 1       
317        | 175.4        | 1       
318        | 764.3        | 1       
319        | 496.8        | 1       
320        | 919.3        | 1       
321        | 33.6         | 1       
322        | 67.9         | 1       
323        | 403.9        | 1       
324        | 81.2         | 1       
325        | 263.5        | 1       
326        | 986.0        | 1       
327        | 209.8        | 1       
328        | 198.9        | 1       
329        | 574.1        | 1       
330        | 498.5        | 1       
331        | 580.9        | 1       
332        | 377.4        | 1       
333        | 826.9        | 1       
334        | 139.4        | 1       
335        | 429.0        | 1       
336        | 690.1        | 1       
337        | 868.4        | 1       
338        | 370.2        | 1       
339        | 568.2        | 1       
340        | 70.1         | 1       
341        | 171.1        | 1       
342        | 70.1         | 1       
343        | 728.2        | 1       
344        | 288.8        | 1       
345        | 724.0        | 1       
346        | 67.3         | 1       
347        | 862.7        | 1       
348        | 835.7        | 1       
349        | 89.8         | 1       
350        | 24.7         | 1       
351        | 57.2         | 1       
352        | 853.8        | 1       
353        | 235.5        | 1       
354        | 548.7        | 1       
355        | 426.8        | 1       
356        | 795.7        | 1       
357        | 489.4        | 1       
358        | 501.2        | 1       
359        | 989.1        | 1       
360        | 151.0        | 1       
361        | 830.9        | 1       
362        | 52.7         | 1       
363        | 478.2        | 1       
364        | 886.4        | 1       
365        | 665.5        | 1       
366        | 685.5        | 1       
367        | 264.1        | 1       
368        | 419.2        | 1       
369        | 367.2        | 1       
370        | 521.9        | 1       
371        | 462.8        | 1       
372        | 327.6        | 1       
373        | 306.2        | 1       
374        | 251.6        | 1       
375        | 365.7        | 1       
376        | 150.8        | 1       
377        | 872.2        | 1       
378        | 602.5        | 1       
379        | 134.7        | 1       
380        | 694.2        | 1       
381        | 847.8        | 1       
382        | 238.3        | 1       
383        | 151.4        | 1       
384        | 9.6          | 1       
385        | 48.2         | 1       
386        | 762.5        | 1       
387        | 987.2        | 1       
388        | 45.8         | 1       
389        | 748.3        | 1       
390        | 72.8         | 1       
391        | 592.5        | 1       
392        | 756.3        | 1       
393        | 359.8        | 1       
394        | 11.9         | 1       
395        | 595.6        | 1       
396        | 991.3        | 1       
397        | 258.4        | 1       
398        | 190.3        | 1       
399        | 124.8        | 1       
400        | 555.7        | 1       
401        | 596.8        | 1       
402        | 792.5        | 1       
403        | 753.3        | 1       
404        | 892.6        | 1       
405        | 806.0        | 1       
406        | 248.0        | 1       
407        | 556.3        | 1       
408        | 298.1        | 1       
409        | 330.5        | 1       
410        | 932.0        | 1       
411        | 682.2        | 1       
412        | 974.6        | 1       
413        | 417.5        | 1       
414        | 537.9        | 1       
415        | 487.6        | 1       
416        | 108.2        | 1       
417        | 237.5        | 1       
418        | 528.1        | 1       
419        | 68.3         | 1       
420        | 931.5        | 1       
421        | 124.7        | 1       
422        | 198.8        | 1       
423        | 765.6        | 1       
424        | 97.8         | 1       
425        | 900.4        | 1       
426        | 726.0        | 1       
427        | 69.6         | 1       
428        | 692.2        | 1       
429        | 632.0        | 1       
430        | 757.6        | 1       
431        | 828.4        | 1       
432        | 718.6        | 1       
433        | 586.6        | 1       
434        | 323.1        | 1       
435        | 697.6        | 1       
436        | 957.0        | 1       
437        | 587.9        | 1       
438        | 664.7        | 1       
439        | 437.7        | 1       
440        | 756.4        | 1       
441        | 997.7        | 1       
442        | 161.2        | 1       
443        | 203.2        | 1       
444        | 539.9        | 1       
445        | 481.9        | 1       
446        | 572.0        | 1       
447        | 50.0         | 1       
448        | 404.9        | 1       
449        | 583.4        | 1       
450        | 585.6        | 1       
451        | 657.7        | 1       
452        | 720.5        | 1       
453        | 641.9        | 1       
454        | 790.5        | 1       
455        | 625.1        | 1       
456        | 538.0        | 1       
457        | 606.6        | 1       
458        | 102.1        | 1       
459        | 273.9        | 1       
460        | 527.9        | 1       
461        | 873.1        | 1       
462        | 679.4        | 1       
463        | 91.3         | 1       
464        | 592.7        | 1       
465        | 222.5        | 1       
466        | 734.3        | 1       
467        | 827.6        | 1       
468        | 593.9        | 1       
469        | 591.8        | 1       
470        | 339.3        | 1       
471        | 446.8        | 1       
472        | 864.2        | 1       
473        | 723.6        | 1       
474        | 520.2        | 1       
475        | 368.9        | 1       
476        | 51.3         | 1       
477        | 143.9        | 1       
478        | 193.8        | 1       
479        | 374.0        | 1       
480        | 944.2        | 1       
481        | 505.6        | 1       
482        | 235.6        | 1       
483        | 106.6        | 1       
484        | 339.0        | 1       
485        | 815.9        | 1       
486        | 384.0        | 1       
487        | 772.7        | 1       
488        | 802.9        | 1       
489        | 111.7        | 1       
490        | 609.1        | 1       
491        | 959.1        | 1       
492        | 402.7        | 1       
493        | 51.9         | 1       
494        | 923.4        | 1       
495        | 883.8        | 1       
496        | 522.6        | 1       
497        | 552.7        | 1       
498        | 212.5        | 1       
499        | 819.6        | 1       
500        | 499.1        | 1       
501        | 34.8         | 1       
502        | 683.3        | 1       
503        | 950.5        | 1       
504        | 829.3        | 1       
505        | 277.9        | 1       
506        | 54.3         | 1       
507        | 940.4        | 1       
508        | 937.1        | 1       
509        | 532.9        | 1       
510        | 642.7        | 1       
511        | 463.1        | 1       
512        | 420.3        | 1       
513        | 120.3        | 1       
514        | 97.7         | 1       
515        | 233.5        | 1       
516        | 836.8        | 1       
517        | 146.7        | 1       
518        | 227.5        | 1       
519        | 549.1        | 1       
520        | 215.9        | 1       
521        | 164.0        | 1       
522        | 563.8        | 1       
523        | 368.7        | 1       
524        | 626.5        | 1       
525        | 912.3        | 1       
526        | 151.8        | 1       
527        | 913.5        | 1       
528        | 902.6        | 1       
529        | 829.3        | 1       
530        | 631.7        | 1       
531        | 620.5        | 1       
532        | 639.6        | 1       
533        | 690.8        | 1       
534        | 17.5         | 1       
535        | 958.1        | 1       
536        | 586.0        | 1       
537        | 781.7        | 1       
538        | 377.9        | 1       
539        | 13.4         | 1       
540        | 510.2        | 1       
541        | 507.7        | 1       
542        | 437.6        | 1       
543        | 340.4        | 1       
544        | 250.6        | 1       
545        | 528.0        | 1       
546        | 375.9        | 1       
547        | 970.0        | 1       
548        | 173.8        | 1       
549        | 320.3        | 1       
550        | 294.7        | 1       
551        | 543.8        | 1       
552        | 499.8        | 1       
553        | 644.1        | 1       
554        | 950.1        | 1       
555        | 285.9        | 1       
556        | 693.1        | 1       
557        | 26.0         | 1       
558        | 263.1        | 1       
559        | 464.3        | 1       
560        | 32.0         | 1       
561        | 618.1        | 1       
562        | 678.6        | 1       
563        | 747.0        | 1       
564        | 517.1        | 1       
565        | 604.3        | 1       
566        | 396.7        | 1       
567        | 42.2         | 1       
568        | 100.9        | 1       
569        | 655.3        | 1       
570        | 995.6        | 1       
571        | 16.8         | 1       
572        | 558.0        | 1       
573        | 751.3        | 1       
574        | 826.9        | 1       
575        | 545.7        | 1       
576        | 620.3        | 1       
577        | 697.0        | 1       
578        | 859.1        | 1       
579        | 123.2        | 1       
580        | 926.3        | 1       
581        | 27.0         | 1       
582        | 836.4        | 1       
583        | 77.7         | 1       
584        | 195.4        | 1       
585        | 4.9          | 1       
586        | 445.8        | 1       
587        | 335.0        | 1       
588        | 166.8        | 1       
589        | 451.6        | 1       
590        | 403.0        | 1       
591        | 767.9        | 1       
592        | 893.2        | 1       
593        | 652.9        | 1       
594        | 125.3        | 1       
595        | 296.1        | 1       
596        | 913.4        | 1       
597        | 89.6         | 1       
598        | 407.4        | 1       
599        | 942.6        | 1       
600        | 950.7        | 1       
601        | 411.8        | 1       
602        | 667.7        | 1       
603        | 457.3        | 1       
604        | 753.7        | 1       
605        | 32.5         | 1       
606        | 145.0        | 1       
607        | 614.6        | 1       
608        | 233.3        | 1       
609        | 666.4        | 1       
610        | 351.9        | 1       
611        | 886.8        | 1       
612        | 819.4        | 1       
613        | 493.3        | 1       
614        | 773.1        | 1       
615        | 271.9        | 1       
616        | 494.8        | 1       
617        | 198.3        | 1       
618        | 861.0        | 1       
619        | 823.2        | 1       
620        | 902.2        | 1       
621        | 877.6        | 1       
622        | 959.6        | 1       
623        | 229.1        | 1       
624        | 931.9        | 1       
625        | 571.6        | 1       
626        | 423.1        | 1       
627        | 560.8        | 1       
628        | 343.3        | 1       
629        | 289.3        | 1       
630        | 242.1        | 1       
631        | 83.3         | 1       
632        | 497.1        | 1       
633        | 887.9        | 1       
634        | 630.5        | 1       
635        | 521.5        | 1       
636        | 429.2        | 1       
637        | 464.9        | 1       
638        | 210.1        | 1       
639        | 823.1        | 1       
640        | 199.2        | 1       
641        | 716.9        | 1       
642        | 760.2        | 1       
643        | 575.3        | 1       
644        | 863.1        | 1       
645        | 291.8        | 1       
646        | 881.7        | 1       
647        | 729.7        | 1       
648        | 799.0        | 1       
649        | 664.9        | 1       
650        | 846.5        | 1       
651        | 993.1        | 1       
652        | 420.7        | 1       
653        | 814.1        | 1       
654        | 744.8        | 1       
655        | 453.4        | 1       
656        | 927.0        | 1       
657        | 395.0        | 1       
658        | 565.9        | 1       
659        | 106.8        | 1       
660        | 226.5        | 1       
661        | 840.9        | 1       
662        | 397.2        | 1       
663        | 394.7        | 1       
664        | 246.7        | 1       
665        | 492.1        | 1       
666        | 806.0        | 1       
667        | 895.3        | 1       
668        | 71.0         | 1       
669        | 575.2        | 1       
670        | 467.8        | 1       
671        | 614.7        | 1       
672        | 447.8        | 1       
673        | 399.2        | 1       
674        | 472.4        | 1       
675        | 582.4        | 1       
676        | 501.5        | 1       
677        | 472.7        | 1       
678        | 818.0        | 1       
679        | 745.9        | 1       
680        | 342.0        | 1       
681        | 800.8        | 1       
682        | 853.8        | 1       
683        | 154.3        | 1       
684        | 583.1        | 1       
685        | 286.0        | 1       
686        | 739.4        | 1       
687        | 239.5        | 1       
688        | 671.7        | 1       
689        | 255.9        | 1       
690        | 511.6        | 1       
691        | 948.7        | 1       
692        | 381.9        | 1       
693        | 875.9        | 1       
694        | 987.0        | 1       
695        | 875.0        | 1       
696        | 166.7        | 1       
697        | 819.8        | 1       
698        | 33.1         | 1       
699        | 393.9        | 1       
700        | 870.9        | 1       
701        | 689.1        | 1       
702        | 533.2        | 1       
703        | 388.5        | 1       
704        | 812.5        | 1       
705        | 709.8        | 1       
706        | 468.9        | 1       
707        | 892.6        | 1       
708        | 230.7        | 1       
709        | 171.2        | 1       
710        | 643.2        | 1       
711        | 972.0        | 1       
712        | 248.0        | 1       
713        | 250.4        | 1       
714        | 140.4        | 1       
715        | 860.7        | 1       
716        | 227.2        | 1       
717        | 503.7        | 1       
718        | 990.9        | 1       
719        | 13.1         | 1       
720        | 556.9        | 1       
721        | 512.8        | 1       
722        | 807.6        | 1       
723        | 355.9        | 1       
724        | 410.9        | 1       
725        | 168.8        | 1       
726        | 741.1        | 1       
727        | 784.9        | 1       
728        | 137.5        | 1       
729        | 394.1        | 1       
730        | 893.0        | 1       
731        | 3.7          | 1       
732        | 299.5        | 1       
733        | 555.5        | 1       
734        | 334.8        | 1       
735        | 272.8        | 1       
736        | 460.6        | 1       
737        | 182.3        | 1       
738        | 530.1        | 1       
739        | 707.0        | 1       
740        | 575.7        | 1       
741        | 94.0         | 1       
742        | 844.6        | 1       
743        | 175.8        | 1       
744        | 765.0        | 1       
745        | 361.2        | 1       
746        | 783.0        | 1       
747        | 207.1        | 1       
748        | 187.5        | 1       
749        | 497.5        | 1       
750        | 33.9         | 1       
751        | 226.1        | 1       
752        | 724.3        | 1       
753        | 837.5        | 1       
754        | 81.7         | 1       
755        | 882.2        | 1       
756        | 797.7        | 1       
757        | 869.8        | 1       
758        | 698.7        | 1       
759        | 674.5        | 1       
760        | 525.6        | 1       
761        | 653.1        | 1       
762        | 919.2        | 1       
763        | 101.4        | 1       
764        | 316.4        | 1       
765        | 73.4         | 1       
766        | 944.9        | 1       
767        | 445.8        | 1       
768        | 675.7        | 1       
769        | 841.3        | 1       
770        | 991.0        | 1       
771        | 162.6        | 1       
772        | 799.7        | 1       
773        | 887.5        | 1       
774        | 49.8         | 1       
775        | 754.3        | 1       
776        | 355.4        | 1       
777        | 648.9        | 1       
778        | 514.5        | 1       
779        | 260.5        | 1       
780        | 136.1        | 1       
781        | 117.8        | 1       
782        | 104.2        | 1       
783        | 638.2        | 1       
784        | 352.1        | 1       
785        | 217.4        | 1       
786        | 692.2        | 1       
787        | 687.2        | 1       
788        | 539.6        | 1       
789        | 935.0        | 1       
790        | 386.0        | 1       
791        | 836.0        | 1       
792        | 76.1         | 1       
793        | 740.1        | 1       
794        | 988.5        | 1       
795        | 846.8        | 1       
796        | 580.1        | 1       
797        | 627.1        | 1       
798        | 353.9        | 1       
799        | 679.8        | 1       
800        | 770.6        | 1       
801        | 998.2        | 1       
802        | 493.0        | 1       
803        | 62.2         | 1       
804        | 596.3        | 1       
805        | 119.9        | 1       
806        | 245.5        | 1       
807        | 329.5        | 1       
808        | 731.3        | 1       
809        | 184.6        | 1       
810        | 166.6        | 1       
811        | 45.9         | 1       
812        | 873.4        | 1       
813        | 693.8        | 1       
814        | 40.9         | 1       
815        | 29.3         | 1       
816        | 559.1        | 1       
817        | 283.3        | 1       
818        | 597.1        | 1       
819        | 435.2        | 1       
820        | 923.4        | 1       
821        | 288.5        | 1       
822        | 679.5        | 1       
823        | 55.0         | 1       
824        | 955.9        | 1       
825        | 980.8        | 1       
826        | 739.3        | 1       
827        | 465.7        | 1       
828        | 220.8        | 1       
829        | 812.7        | 1       
830        | 736.6        | 1       
831        | 222.7        | 1       
832        | 451.8        | 1       
833        | 463.3        | 1       
834        | 826.6        | 1       
835        | 684.2        | 1       
836        | 643.5        | 1       
837        | 650.2        | 1       
838        | 271.2        | 1       
839        | 372.3        | 1       
840        | 46.6         | 1       
841        | 787.2        | 1       
842        | 433.6        | 1       
843        | 438.8        | 1       
844        | 246.1        | 1       
845        | 210.2        | 1       
846        | 588.2        | 1       
847        | 233.3        | 1       
848        | 65.1         | 1       
849        | 767.7        | 1       
850        | 377.1        | 1       
851        | 380.9        | 1       
852        | 431.9        | 1       
853        | 815.2        | 1       
854        | 321.5        | 1       
855        | 758.3        | 1       
856        | 939.6        | 1       
857        | 661.2        | 1       
858        | 432.2        | 1       
859        | 748.0        | 1       
860        | 458.4        | 1       
861        | 415.0        | 1       
862        | 525.8        | 1       
863        | 318.4        | 1       
864        | 105.1        | 1       
865        | 415.4        | 1       
866        | 124.7        | 1       
867        | 411.0        | 1       
868        | 557.4        | 1       
869        | 930.8        | 1       
870        | 37.2         | 1       
871        | 621.8        | 1       
872        | 458.3        | 1       
873        | 21.2         | 1       
874        | 250.3        | 1       
875        | 119.4        | 1       
876        | 217.6        | 1       
877        | 275.3        | 1       
878        | 401.9        | 1       
879        | 529.5        | 1       
880        | 2.0          | 1       
881        | 162.7        | 1       
882        | 94.5         | 1       
883        | 550.1        | 1       
884        | 329.7        | 1       
885        | 548.8        | 1       
886        | 222.6        | 1       
887        | 25.2         | 1       
888        | 941.4        | 1       
889        | 109.2        | 1       
890        | 127.7        | 1       
891        | 147.4        | 1       
892        | 981.3        | 1       
893        | 618.0        | 1       
894        | 610.7        | 1       
895        | 986.7        | 1       
896        | 89.4         | 1       
897        | 974.5        | 1       
898        | 204.8        | 1       
899        | 623.4        | 1       
900        | 420.7        | 1       
901        | 384.6        | 1       
902        | 931.3        | 1       
903        | 150.1        | 1       
904        | 997.1        | 1       
905        | 379.7        | 1       
906        | 649.1        | 1       
907        | 967.9        | 1       
908        | 58.5         | 1       
909        | 922.9        | 1       
910        | 568.2        | 1       
911        | 704.7        | 1       
912        | 150.0        | 1       
913        | 533.9        | 1       
914        | 673.8        | 1       
915        | 456.8        | 1       
916        | 155.8        | 1       
917        | 244.9        | 1       
918        | 854.5        | 1       
919        | 35.4         | 1       
920        | 709.2        | 1       
921        | 999.4        | 1       
922        | 8.5          | 1       
923        | 161.9        | 1       
924        | 674.5        | 1       
925        | 60.9         | 1       
926        | 590.2        | 1       
927        | 684.3        | 1       
928        | 588.6        | 1       
929        | 365.8        | 1       
930        | 697.6        | 1       
931        | 594.7        | 1       
932        | 208.4        | 1       
933        | 563.6        | 1       
934        | 882.0        | 1       
935        | 667.2        | 1       
936        | 472.3        | 1       
937        | 322.3        | 1       
938        | 86.8         | 1       
939        | 245.4        | 1       
940        | 12.2         | 1       
941        | 986.6        | 1       
942        | 223.3        | 1       
943        | 815.1        | 1       
944        | 169.5        | 1       
945        | 284.3        | 1       
946        | 418.9        | 1       
947        | 325.1        | 1       
948        | 798.6        | 1       
949        | 957.7        | 1       
950        | 875.4        | 1       
951        | 154.4        | 1       
952        | 776.9        | 1       
953        | 148.8        | 1       
954        | 913.5        | 1       
955        | 518.4        | 1       
956        | 337.0        | 1       
957        | 157.9        | 1       
958        | 12.8         | 1       
959        | 248.7        | 1       
960        | 914.1        | 1       
961        | 797.5        | 1       
962        | 969.8        | 1       
963        | 101.7        | 1       
964        | 592.6        | 1       
965        | 257.9        | 1       
966        | 543.4        | 1       
967        | 321.1        | 1       
968        | 284.2        | 1       
969        | 574.3        | 1       
970        | 184.1        | 1       
971        | 469.7        | 1       
972        | 651.2        | 1       
973        | 129.1        | 1       
974        | 930.7        | 1       
975        | 506.2        | 1       
976        | 819.7        | 1       
977        | 654.3        | 1       
978        | 710.3        | 1       
979        | 716.4        | 1       
980        | 875.2        | 1       
981        | 614.0        | 1       
982        | 278.9        | 1       
983        | 100.4        | 1       
984        | 606.6        | 1       
985        | 67.3         | 1       
986        | 242.1        | 1       
987        | 61.6         | 1       
988        | 549.3        | 1       
989        | 161.2        | 1       
990        | 610.8        | 1       
991        | 791.1        | 1       
992        | 822.1        | 1       
993        | 310.2        | 1       
994        | 549.4        | 1       
995        | 563.4        | 1       
996        | 473.4        | 1       
997        | 655.5        | 1       
998        | 210.9        | 1       
999        | 979.3        | 1       

TRIP LOG:
Trip #   | Load         | Path
------------------------------------------------------------
Trip #1   | Load: 1354.0 | Path: 0 -> 7 -> 472 -> 0
Trip #2   | Load: 385.8  | Path: 0 -> 126 -> 0
Trip #3   | Load: 29.3   | Path: 0 -> 815 -> 0
Trip #4   | Load: 806.0  | Path: 0 -> 666 -> 0
Trip #5   | Load: 592.7  | Path: 0 -> 464 -> 0
Trip #6   | Load: 124.8  | Path: 0 -> 399 -> 0
Trip #7   | Load: 411.8  | Path: 0 -> 601 -> 0
Trip #8   | Load: 265.9  | Path: 0 -> 162 -> 0
Trip #9   | Load: 420.8  | Path: 0 -> 281 -> 0
Trip #10  | Load: 187.5  | Path: 0 -> 748 -> 0
Trip #11  | Load: 716.4  | Path: 0 -> 979 -> 0
Trip #12  | Load: 958.1  | Path: 0 -> 535 -> 0
Trip #13  | Load: 596.8  | Path: 0 -> 401 -> 0
Trip #14  | Load: 764.4  | Path: 0 -> 288 -> 0
Trip #15  | Load: 1827.6 | Path: 0 -> 71 -> 907 -> 0
Trip #16  | Load: 265.3  | Path: 0 -> 117 -> 0
Trip #17  | Load: 1221.9 | Path: 0 -> 687 -> 703 -> 468 -> 0
Trip #18  | Load: 972.1  | Path: 0 -> 291 -> 0
Trip #19  | Load: 685.5  | Path: 0 -> 366 -> 0
Trip #20  | Load: 644.1  | Path: 0 -> 553 -> 0
Trip #21  | Load: 301.0  | Path: 0 -> 115 -> 555 -> 0
Trip #22  | Load: 612.8  | Path: 0 -> 272 -> 0
Trip #23  | Load: 754.3  | Path: 0 -> 775 -> 0
Trip #24  | Load: 429.7  | Path: 0 -> 260 -> 0
Trip #25  | Load: 359.8  | Path: 0 -> 393 -> 0
Trip #26  | Load: 512.7  | Path: 0 -> 198 -> 0
Trip #27  | Load: 679.8  | Path: 0 -> 799 -> 0
Trip #28  | Load: 991.0  | Path: 0 -> 770 -> 0
Trip #29  | Load: 463.3  | Path: 0 -> 833 -> 0
Trip #30  | Load: 783.0  | Path: 0 -> 36 -> 0
Trip #31  | Load: 791.1  | Path: 0 -> 991 -> 0
Trip #32  | Load: 626.5  | Path: 0 -> 524 -> 0
Trip #33  | Load: 537.9  | Path: 0 -> 414 -> 0
Trip #34  | Load: 329.5  | Path: 0 -> 807 -> 0
Trip #35  | Load: 618.1  | Path: 0 -> 561 -> 0
Trip #36  | Load: 1916.8 | Path: 0 -> 581 -> 41 -> 357 -> 12 -> 467 -> 0
Trip #37  | Load: 222.7  | Path: 0 -> 831 -> 0
Trip #38  | Load: 522.6  | Path: 0 -> 496 -> 0
Trip #39  | Load: 649.1  | Path: 0 -> 906 -> 0
Trip #40  | Load: 339.4  | Path: 0 -> 866 -> 94 -> 0
Trip #41  | Load: 993.1  | Path: 0 -> 651 -> 0
Trip #42  | Load: 1314.1 | Path: 0 -> 185 -> 841 -> 0
Trip #43  | Load: 986.7  | Path: 0 -> 895 -> 0
Trip #44  | Load: 184.1  | Path: 0 -> 970 -> 0
Trip #45  | Load: 379.7  | Path: 0 -> 905 -> 0
Trip #46  | Load: 137.5  | Path: 0 -> 728 -> 0
Trip #47  | Load: 999.8  | Path: 0 -> 211 -> 0
Trip #48  | Load: 667.7  | Path: 0 -> 602 -> 0
Trip #49  | Load: 787.8  | Path: 0 -> 42 -> 0
Trip #50  | Load: 521.9  | Path: 0 -> 370 -> 0
Trip #51  | Load: 284.5  | Path: 0 -> 119 -> 317 -> 0
Trip #52  | Load: 827.9  | Path: 0 -> 135 -> 434 -> 0
Trip #53  | Load: 687.2  | Path: 0 -> 787 -> 0
Trip #54  | Load: 297.7  | Path: 0 -> 938 -> 998 -> 0
Trip #55  | Load: 453.1  | Path: 0 -> 53 -> 0
Trip #56  | Load: 369.5  | Path: 0 -> 243 -> 0
Trip #57  | Load: 324.6  | Path: 0 -> 55 -> 0
Trip #58  | Load: 288.5  | Path: 0 -> 821 -> 0
Trip #59  | Load: 280.4  | Path: 0 -> 17 -> 0
Trip #60  | Load: 155.8  | Path: 0 -> 916 -> 0
Trip #61  | Load: 469.7  | Path: 0 -> 971 -> 0
Trip #62  | Load: 537.6  | Path: 0 -> 240 -> 0
Trip #63  | Load: 555.5  | Path: 0 -> 733 -> 0
Trip #64  | Load: 1093.6 | Path: 0 -> 823 -> 857 -> 332 -> 0
Trip #65  | Load: 101.7  | Path: 0 -> 963 -> 0
Trip #66  | Load: 220.8  | Path: 0 -> 828 -> 0
Trip #67  | Load: 1854.0 | Path: 0 -> 213 -> 892 -> 0
Trip #68  | Load: 339.3  | Path: 0 -> 470 -> 0
Trip #69  | Load: 1126.2 | Path: 0 -> 551 -> 675 -> 0
Trip #70  | Load: 791.2  | Path: 0 -> 788 -> 374 -> 0
Trip #71  | Load: 748.3  | Path: 0 -> 389 -> 0
Trip #72  | Load: 463.1  | Path: 0 -> 511 -> 0
Trip #73  | Load: 594.7  | Path: 0 -> 931 -> 0
Trip #74  | Load: 604.3  | Path: 0 -> 565 -> 0
Trip #75  | Load: 175.8  | Path: 0 -> 743 -> 0
Trip #76  | Load: 995.0  | Path: 0 -> 311 -> 0
Trip #77  | Load: 1274.9 | Path: 0 -> 228 -> 68 -> 482 -> 0
Trip #78  | Load: 997.7  | Path: 0 -> 441 -> 0
Trip #79  | Load: 248.0  | Path: 0 -> 406 -> 0
Trip #80  | Load: 558.7  | Path: 0 -> 299 -> 780 -> 223 -> 0
Trip #81  | Load: 873.4  | Path: 0 -> 812 -> 0
Trip #82  | Load: 959.9  | Path: 0 -> 585 -> 189 -> 533 -> 0
Trip #83  | Load: 108.2  | Path: 0 -> 416 -> 0
Trip #84  | Load: 765.6  | Path: 0 -> 423 -> 0
Trip #85  | Load: 276.6  | Path: 0 -> 158 -> 0
Trip #86  | Load: 161.9  | Path: 0 -> 923 -> 0
Trip #87  | Load: 274.6  | Path: 0 -> 121 -> 0
Trip #88  | Load: 48.2   | Path: 0 -> 385 -> 0
Trip #89  | Load: 620.5  | Path: 0 -> 531 -> 0
Trip #90  | Load: 528.0  | Path: 0 -> 545 -> 0
Trip #91  | Load: 613.5  | Path: 0 -> 114 -> 0
Trip #92  | Load: 152.6  | Path: 0 -> 174 -> 0
Trip #93  | Load: 501.2  | Path: 0 -> 358 -> 0
Trip #94  | Load: 806.6  | Path: 0 -> 144 -> 0
Trip #95  | Load: 1229.8 | Path: 0 -> 453 -> 254 -> 0
Trip #96  | Load: 747.4  | Path: 0 -> 101 -> 0
Trip #97  | Load: 508.2  | Path: 0 -> 268 -> 0
Trip #98  | Load: 480.6  | Path: 0 -> 489 -> 475 -> 0
Trip #99  | Load: 1420.9 | Path: 0 -> 604 -> 935 -> 0
Trip #100 | Load: 139.4  | Path: 0 -> 334 -> 0
Trip #101 | Load: 222.5  | Path: 0 -> 465 -> 0
Trip #102 | Load: 355.4  | Path: 0 -> 776 -> 0
Trip #103 | Load: 1500.0 | Path: 0 -> 16 -> 647 -> 712 -> 0
Trip #104 | Load: 199.2  | Path: 0 -> 640 -> 0
Trip #105 | Load: 227.5  | Path: 0 -> 518 -> 0
Trip #106 | Load: 306.2  | Path: 0 -> 373 -> 0
Trip #107 | Load: 210.6  | Path: 0 -> 889 -> 763 -> 0
Trip #108 | Load: 388.8  | Path: 0 -> 249 -> 0
Trip #109 | Load: 260.5  | Path: 0 -> 779 -> 0
Trip #110 | Load: 1051.0 | Path: 0 -> 688 -> 125 -> 0
Trip #111 | Load: 937.1  | Path: 0 -> 508 -> 0
Trip #112 | Load: 271.1  | Path: 0 -> 166 -> 0
Trip #113 | Load: 1810.5 | Path: 0 -> 473 -> 216 -> 801 -> 0
Trip #114 | Load: 748.0  | Path: 0 -> 859 -> 0
Trip #115 | Load: 885.2  | Path: 0 -> 6 -> 0
Trip #116 | Load: 455.9  | Path: 0 -> 212 -> 0
Trip #117 | Load: 497.1  | Path: 0 -> 632 -> 0
Trip #118 | Load: 548.8  | Path: 0 -> 885 -> 0
Trip #119 | Load: 22.8   | Path: 0 -> 31 -> 0
Trip #120 | Load: 601.8  | Path: 0 -> 39 -> 0
Trip #121 | Load: 181.5  | Path: 0 -> 314 -> 0
Trip #122 | Load: 692.2  | Path: 0 -> 786 -> 0
Trip #123 | Load: 1654.1 | Path: 0 -> 934 -> 252 -> 0
Trip #124 | Load: 930.8  | Path: 0 -> 869 -> 0
Trip #125 | Load: 335.0  | Path: 0 -> 587 -> 0
Trip #126 | Load: 590.2  | Path: 0 -> 926 -> 0
Trip #127 | Load: 655.5  | Path: 0 -> 997 -> 0
Trip #128 | Load: 729.8  | Path: 0 -> 300 -> 0
Trip #129 | Load: 124.8  | Path: 0 -> 99 -> 0
Trip #130 | Load: 1197.7 | Path: 0 -> 731 -> 293 -> 684 -> 0
Trip #131 | Load: 161.2  | Path: 0 -> 442 -> 0
Trip #132 | Load: 40.9   | Path: 0 -> 814 -> 0
Trip #133 | Load: 1307.8 | Path: 0 -> 471 -> 618 -> 0
Trip #134 | Load: 595.6  | Path: 0 -> 395 -> 0
Trip #135 | Load: 101.2  | Path: 0 -> 35 -> 0
Trip #136 | Load: 857.0  | Path: 0 -> 156 -> 0
Trip #137 | Load: 533.2  | Path: 0 -> 702 -> 0
Trip #138 | Load: 193.7  | Path: 0 -> 124 -> 0
Trip #139 | Load: 226.1  | Path: 0 -> 751 -> 0
Trip #140 | Load: 632.0  | Path: 0 -> 429 -> 0
Trip #141 | Load: 593.9  | Path: 0 -> 30 -> 0
Trip #142 | Load: 407.6  | Path: 0 -> 881 -> 917 -> 0
Trip #143 | Load: 643.2  | Path: 0 -> 710 -> 0
Trip #144 | Load: 842.6  | Path: 0 -> 274 -> 0
Trip #145 | Load: 140.4  | Path: 0 -> 714 -> 0
Trip #146 | Load: 104.2  | Path: 0 -> 782 -> 0
Trip #147 | Load: 841.3  | Path: 0 -> 769 -> 0
Trip #148 | Load: 169.5  | Path: 0 -> 944 -> 0
Trip #149 | Load: 35.1   | Path: 0 -> 152 -> 0
Trip #150 | Load: 765.0  | Path: 0 -> 744 -> 0
Trip #151 | Load: 370.2  | Path: 0 -> 338 -> 0
Trip #152 | Load: 534.4  | Path: 0 -> 251 -> 0
Trip #153 | Load: 514.5  | Path: 0 -> 778 -> 0
Trip #154 | Load: 1242.1 | Path: 0 -> 910 -> 914 -> 0
Trip #155 | Load: 436.8  | Path: 0 -> 160 -> 163 -> 0
Trip #156 | Load: 77.7   | Path: 0 -> 583 -> 0
Trip #157 | Load: 362.9  | Path: 0 -> 817 -> 312 -> 0
Trip #158 | Load: 756.3  | Path: 0 -> 392 -> 0
Trip #159 | Load: 1478.5 | Path: 0 -> 436 -> 635 -> 0
Trip #160 | Load: 514.4  | Path: 0 -> 513 -> 729 -> 0
Trip #161 | Load: 342.2  | Path: 0 -> 109 -> 0
Trip #162 | Load: 1045.8 | Path: 0 -> 796 -> 827 -> 0
Trip #163 | Load: 1137.3 | Path: 0 -> 188 -> 497 -> 0
Trip #164 | Load: 299.8  | Path: 0 -> 295 -> 0
Trip #165 | Load: 869.5  | Path: 0 -> 270 -> 0
Trip #166 | Load: 650.6  | Path: 0 -> 49 -> 170 -> 0
Trip #167 | Load: 97.8   | Path: 0 -> 424 -> 0
Trip #168 | Load: 401.9  | Path: 0 -> 878 -> 0
Trip #169 | Load: 887.9  | Path: 0 -> 633 -> 0
Trip #170 | Load: 503.7  | Path: 0 -> 717 -> 0
Trip #171 | Load: 129.1  | Path: 0 -> 973 -> 0
Trip #172 | Load: 424.2  | Path: 0 -> 65 -> 0
Trip #173 | Load: 402.7  | Path: 0 -> 492 -> 0
Trip #174 | Load: 999.4  | Path: 0 -> 921 -> 0
Trip #175 | Load: 384.0  | Path: 0 -> 486 -> 0
Trip #176 | Load: 1587.0 | Path: 0 -> 80 -> 432 -> 582 -> 0
Trip #177 | Load: 602.9  | Path: 0 -> 575 -> 351 -> 0
Trip #178 | Load: 819.4  | Path: 0 -> 612 -> 0
Trip #179 | Load: 194.5  | Path: 0 -> 276 -> 209 -> 0
Trip #180 | Load: 571.2  | Path: 0 -> 925 -> 540 -> 0
Trip #181 | Load: 537.0  | Path: 0 -> 390 -> 559 -> 0
Trip #182 | Load: 498.5  | Path: 0 -> 330 -> 0
Trip #183 | Load: 724.0  | Path: 0 -> 345 -> 0
Trip #184 | Load: 663.3  | Path: 0 -> 200 -> 0
Trip #185 | Load: 533.7  | Path: 0 -> 112 -> 0
Trip #186 | Load: 414.8  | Path: 0 -> 159 -> 0
Trip #187 | Load: 639.6  | Path: 0 -> 532 -> 0
Trip #188 | Load: 332.8  | Path: 0 -> 985 -> 84 -> 631 -> 0
Trip #189 | Load: 1709.2 | Path: 0 -> 356 -> 954 -> 0
Trip #190 | Load: 829.3  | Path: 0 -> 529 -> 0
Trip #191 | Load: 944.9  | Path: 0 -> 766 -> 0
Trip #192 | Load: 233.5  | Path: 0 -> 515 -> 0
Trip #193 | Load: 655.8  | Path: 0 -> 232 -> 0
Trip #194 | Load: 816.1  | Path: 0 -> 196 -> 0
Trip #195 | Load: 866.8  | Path: 0 -> 653 -> 60 -> 0
Trip #196 | Load: 436.7  | Path: 0 -> 305 -> 0
Trip #197 | Load: 623.4  | Path: 0 -> 899 -> 0
Trip #198 | Load: 704.7  | Path: 0 -> 911 -> 0
Trip #199 | Load: 720.5  | Path: 0 -> 452 -> 0
Trip #200 | Load: 310.0  | Path: 0 -> 873 -> 344 -> 0
Trip #201 | Load: 153.5  | Path: 0 -> 9 -> 0
Trip #202 | Load: 361.9  | Path: 0 -> 91 -> 0
Trip #203 | Load: 914.1  | Path: 0 -> 960 -> 0
Trip #204 | Load: 419.2  | Path: 0 -> 368 -> 0
Trip #205 | Load: 935.1  | Path: 0 -> 940 -> 909 -> 0
Trip #206 | Load: 257.5  | Path: 0 -> 179 -> 0
Trip #207 | Load: 284.2  | Path: 0 -> 968 -> 0
Trip #208 | Load: 709.2  | Path: 0 -> 920 -> 0
Trip #209 | Load: 822.1  | Path: 0 -> 992 -> 0
Trip #210 | Load: 693.1  | Path: 0 -> 556 -> 0
Trip #211 | Load: 76.1   | Path: 0 -> 792 -> 0
Trip #212 | Load: 248.7  | Path: 0 -> 959 -> 0
Trip #213 | Load: 697.6  | Path: 0 -> 930 -> 0
Trip #214 | Load: 948.7  | Path: 0 -> 691 -> 0
Trip #215 | Load: 289.3  | Path: 0 -> 629 -> 0
Trip #216 | Load: 892.6  | Path: 0 -> 404 -> 0
Trip #217 | Load: 942.9  | Path: 0 -> 852 -> 915 -> 506 -> 0
Trip #218 | Load: 549.3  | Path: 0 -> 988 -> 0
Trip #219 | Load: 586.0  | Path: 0 -> 536 -> 0
Trip #220 | Load: 1872.1 | Path: 0 -> 202 -> 789 -> 0
Trip #221 | Load: 407.4  | Path: 0 -> 598 -> 0
Trip #222 | Load: 614.8  | Path: 0 -> 19 -> 0
Trip #223 | Load: 89.4   | Path: 0 -> 896 -> 0
Trip #224 | Load: 494.8  | Path: 0 -> 616 -> 0
Trip #225 | Load: 842.8  | Path: 0 -> 54 -> 0
Trip #226 | Load: 786.8  | Path: 0 -> 206 -> 422 -> 0
Trip #227 | Load: 140.6  | Path: 0 -> 13 -> 0
Trip #228 | Load: 1019.7 | Path: 0 -> 700 -> 953 -> 0
Trip #229 | Load: 575.7  | Path: 0 -> 740 -> 0
Trip #230 | Load: 997.1  | Path: 0 -> 904 -> 0
Trip #231 | Load: 754.8  | Path: 0 -> 273 -> 0
Trip #232 | Load: 713.9  | Path: 0 -> 107 -> 0
Trip #233 | Load: 302.1  | Path: 0 -> 79 -> 0
Trip #234 | Load: 810.5  | Path: 0 -> 27 -> 0
Trip #235 | Load: 90.6   | Path: 0 -> 129 -> 0
Trip #236 | Load: 532.3  | Path: 0 -> 136 -> 0
Trip #237 | Load: 932.0  | Path: 0 -> 410 -> 0
Trip #238 | Load: 190.9  | Path: 0 -> 224 -> 0
Trip #239 | Load: 926.3  | Path: 0 -> 580 -> 0
Trip #240 | Load: 1050.4 | Path: 0 -> 657 -> 569 -> 0
Trip #241 | Load: 264.1  | Path: 0 -> 367 -> 0
Trip #242 | Load: 426.5  | Path: 0 -> 168 -> 0
Trip #243 | Load: 396.7  | Path: 0 -> 566 -> 0
Trip #244 | Load: 728.2  | Path: 0 -> 343 -> 0
Trip #245 | Load: 349.5  | Path: 0 -> 88 -> 0
Trip #246 | Load: 530.1  | Path: 0 -> 738 -> 0
Trip #247 | Load: 652.9  | Path: 0 -> 593 -> 0
Trip #248 | Load: 564.3  | Path: 0 -> 192 -> 0
Trip #249 | Load: 481.9  | Path: 0 -> 445 -> 0
Trip #250 | Load: 929.7  | Path: 0 -> 190 -> 0
Trip #251 | Load: 869.9  | Path: 0 -> 698 -> 516 -> 0
Trip #252 | Load: 272.8  | Path: 0 -> 735 -> 0
Trip #253 | Load: 563.6  | Path: 0 -> 933 -> 0
Trip #254 | Load: 1460.0 | Path: 0 -> 528 -> 868 -> 0
Trip #255 | Load: 89.6   | Path: 0 -> 597 -> 0
Trip #256 | Load: 320.3  | Path: 0 -> 549 -> 0
Trip #257 | Load: 469.8  | Path: 0 -> 220 -> 951 -> 0
Trip #258 | Load: 819.8  | Path: 0 -> 697 -> 0
Trip #259 | Load: 309.2  | Path: 0 -> 145 -> 0
Trip #260 | Load: 610.7  | Path: 0 -> 894 -> 0
Trip #261 | Load: 472.2  | Path: 0 -> 303 -> 0
Trip #262 | Load: 1418.7 | Path: 0 -> 658 -> 8 -> 978 -> 0
Trip #263 | Load: 783.0  | Path: 0 -> 746 -> 0
Trip #264 | Load: 883.8  | Path: 0 -> 495 -> 0
Trip #265 | Load: 797.7  | Path: 0 -> 756 -> 0
Trip #266 | Load: 777.1  | Path: 0 -> 958 -> 318 -> 0
Trip #267 | Load: 1493.8 | Path: 0 -> 265 -> 902 -> 0
Trip #268 | Load: 559.1  | Path: 0 -> 816 -> 0
Trip #269 | Load: 446.9  | Path: 0 -> 2 -> 0
Trip #270 | Load: 186.8  | Path: 0 -> 204 -> 0
Trip #271 | Load: 987.7  | Path: 0 -> 51 -> 0
Trip #272 | Load: 264.2  | Path: 0 -> 86 -> 0
Trip #273 | Load: 978.1  | Path: 0 -> 57 -> 0
Trip #274 | Load: 556.3  | Path: 0 -> 407 -> 0
Trip #275 | Load: 230.7  | Path: 0 -> 708 -> 0
Trip #276 | Load: 245.4  | Path: 0 -> 939 -> 0
Trip #277 | Load: 566.2  | Path: 0 -> 176 -> 0
Trip #278 | Load: 1291.4 | Path: 0 -> 122 -> 98 -> 386 -> 0
Trip #279 | Load: 222.6  | Path: 0 -> 886 -> 0
Trip #280 | Load: 894.8  | Path: 0 -> 203 -> 0
Trip #281 | Load: 379.5  | Path: 0 -> 253 -> 0
Trip #282 | Load: 205.2  | Path: 0 -> 285 -> 0
Trip #283 | Load: 318.4  | Path: 0 -> 863 -> 0
Trip #284 | Load: 397.2  | Path: 0 -> 662 -> 0
Trip #285 | Load: 143.0  | Path: 0 -> 184 -> 0
Trip #286 | Load: 602.5  | Path: 0 -> 378 -> 0
Trip #287 | Load: 881.7  | Path: 0 -> 646 -> 0
Trip #288 | Load: 550.3  | Path: 0 -> 898 -> 33 -> 0
Trip #289 | Load: 949.6  | Path: 0 -> 210 -> 742 -> 0
Trip #290 | Load: 800.8  | Path: 0 -> 681 -> 0
Trip #291 | Load: 927.0  | Path: 0 -> 656 -> 0
Trip #292 | Load: 502.9  | Path: 0 -> 67 -> 0
Trip #293 | Load: 875.4  | Path: 0 -> 950 -> 0
Trip #294 | Load: 861.4  | Path: 0 -> 913 -> 372 -> 0
Trip #295 | Load: 630.5  | Path: 0 -> 634 -> 0
Trip #296 | Load: 438.8  | Path: 0 -> 843 -> 0
Trip #297 | Load: 525.8  | Path: 0 -> 862 -> 0
Trip #298 | Load: 697.0  | Path: 0 -> 577 -> 0
Trip #299 | Load: 793.9  | Path: 0 -> 258 -> 0
Trip #300 | Load: 942.6  | Path: 0 -> 599 -> 0
Trip #301 | Load: 522.2  | Path: 0 -> 307 -> 0
Trip #302 | Load: 453.0  | Path: 0 -> 222 -> 0
Trip #303 | Load: 1223.8 | Path: 0 -> 993 -> 527 -> 0
Trip #304 | Load: 448.8  | Path: 0 -> 72 -> 0
Trip #305 | Load: 585.6  | Path: 0 -> 450 -> 0
Trip #306 | Load: 649.4  | Path: 0 -> 264 -> 400 -> 0
Trip #307 | Load: 431.7  | Path: 0 -> 308 -> 0
Trip #308 | Load: 687.8  | Path: 0 -> 10 -> 0
Trip #309 | Load: 245.5  | Path: 0 -> 806 -> 0
Trip #310 | Load: 855.9  | Path: 0 -> 855 -> 514 -> 0
Trip #311 | Load: 664.9  | Path: 0 -> 649 -> 0
Trip #312 | Load: 1321.4 | Path: 0 -> 986 -> 137 -> 40 -> 0
Trip #313 | Load: 967.6  | Path: 0 -> 182 -> 0
Trip #314 | Load: 369.0  | Path: 0 -> 239 -> 0
Trip #315 | Load: 255.9  | Path: 0 -> 689 -> 0
Trip #316 | Load: 293.0  | Path: 0 -> 290 -> 0
Trip #317 | Load: 182.3  | Path: 0 -> 737 -> 0
Trip #318 | Load: 656.6  | Path: 0 -> 151 -> 0
Trip #319 | Load: 377.9  | Path: 0 -> 538 -> 0
Trip #320 | Load: 860.5  | Path: 0 -> 279 -> 0
Trip #321 | Load: 457.3  | Path: 0 -> 603 -> 0
Trip #322 | Load: 776.9  | Path: 0 -> 952 -> 0
Trip #323 | Load: 434.9  | Path: 0 -> 142 -> 0
Trip #324 | Load: 259.6  | Path: 0 -> 69 -> 0
Trip #325 | Load: 385.3  | Path: 0 -> 313 -> 0
Trip #326 | Load: 569.9  | Path: 0 -> 811 -> 584 -> 128 -> 0
Trip #327 | Load: 213.7  | Path: 0 -> 201 -> 150 -> 0
Trip #328 | Load: 643.5  | Path: 0 -> 836 -> 0
Trip #329 | Load: 403.0  | Path: 0 -> 590 -> 0
Trip #330 | Load: 1867.6 | Path: 0 -> 820 -> 480 -> 0
Trip #331 | Load: 151.0  | Path: 0 -> 360 -> 0
Trip #332 | Load: 124.7  | Path: 0 -> 421 -> 0
Trip #333 | Load: 683.3  | Path: 0 -> 502 -> 0
Trip #334 | Load: 342.0  | Path: 0 -> 680 -> 0
Trip #335 | Load: 488.4  | Path: 0 -> 732 -> 282 -> 0
Trip #336 | Load: 1375.6 | Path: 0 -> 672 -> 116 -> 0
Trip #337 | Load: 178.7  | Path: 0 -> 113 -> 0
Trip #338 | Load: 731.3  | Path: 0 -> 808 -> 0
Trip #339 | Load: 403.9  | Path: 0 -> 323 -> 0
Trip #340 | Load: 266.5  | Path: 0 -> 62 -> 0
Trip #341 | Load: 1103.5 | Path: 0 -> 451 -> 767 -> 0
Trip #342 | Load: 215.9  | Path: 0 -> 520 -> 0
Trip #343 | Load: 1540.0 | Path: 0 -> 995 -> 77 -> 0
Trip #344 | Load: 592.5  | Path: 0 -> 391 -> 0
Trip #345 | Load: 390.5  | Path: 0 -> 75 -> 0
Trip #346 | Load: 95.2   | Path: 0 -> 147 -> 0
Trip #347 | Load: 726.0  | Path: 0 -> 426 -> 0
Trip #348 | Load: 584.9  | Path: 0 -> 781 -> 90 -> 0
Trip #349 | Load: 529.5  | Path: 0 -> 879 -> 0
Trip #350 | Load: 931.9  | Path: 0 -> 624 -> 0
Trip #351 | Load: 741.1  | Path: 0 -> 726 -> 0
Trip #352 | Load: 1540.8 | Path: 0 -> 706 -> 652 -> 972 -> 0
Trip #353 | Load: 210.2  | Path: 0 -> 845 -> 0
Trip #354 | Load: 650.2  | Path: 0 -> 837 -> 0
Trip #355 | Load: 239.2  | Path: 0 -> 100 -> 0
Trip #356 | Load: 819.7  | Path: 0 -> 976 -> 0
Trip #357 | Load: 943.0  | Path: 0 -> 418 -> 15 -> 0
Trip #358 | Load: 721.3  | Path: 0 -> 193 -> 0
Trip #359 | Load: 553.6  | Path: 0 -> 750 -> 111 -> 0
Trip #360 | Load: 1084.0 | Path: 0 -> 359 -> 233 -> 0
Trip #361 | Load: 585.0  | Path: 0 -> 564 -> 322 -> 0
Trip #362 | Load: 208.4  | Path: 0 -> 932 -> 0
Trip #363 | Load: 512.8  | Path: 0 -> 721 -> 0
Trip #364 | Load: 1708.3 | Path: 0 -> 463 -> 269 -> 592 -> 0
Trip #365 | Load: 192.9  | Path: 0 -> 890 -> 848 -> 0
Trip #366 | Load: 710.6  | Path: 0 -> 106 -> 0
Trip #367 | Load: 173.8  | Path: 0 -> 548 -> 0
Trip #368 | Load: 355.9  | Path: 0 -> 87 -> 0
Trip #369 | Load: 928.6  | Path: 0 -> 134 -> 0
Trip #370 | Load: 1208.2 | Path: 0 -> 949 -> 713 -> 0
Trip #371 | Load: 571.6  | Path: 0 -> 625 -> 0
Trip #372 | Load: 784.9  | Path: 0 -> 181 -> 0
Trip #373 | Load: 690.9  | Path: 0 -> 783 -> 362 -> 0
Trip #374 | Load: 598.6  | Path: 0 -> 309 -> 0
Trip #375 | Load: 261.2  | Path: 0 -> 696 -> 882 -> 0
Trip #376 | Load: 365.7  | Path: 0 -> 375 -> 0
Trip #377 | Load: 94.5   | Path: 0 -> 286 -> 0
Trip #378 | Load: 40.5   | Path: 0 -> 118 -> 0
Trip #379 | Load: 123.2  | Path: 0 -> 579 -> 0
Trip #380 | Load: 734.3  | Path: 0 -> 466 -> 0
Trip #381 | Load: 826.9  | Path: 0 -> 574 -> 0
Trip #382 | Load: 308.3  | Path: 0 -> 294 -> 0
Trip #383 | Load: 998.2  | Path: 0 -> 383 -> 795 -> 0
Trip #384 | Load: 969.8  | Path: 0 -> 962 -> 0
Trip #385 | Load: 392.4  | Path: 0 -> 81 -> 0
Trip #386 | Load: 815.9  | Path: 0 -> 485 -> 0
Trip #387 | Load: 574.3  | Path: 0 -> 969 -> 0
Trip #388 | Load: 1035.1 | Path: 0 -> 720 -> 363 -> 0
Trip #389 | Load: 674.5  | Path: 0 -> 924 -> 0
Trip #390 | Load: 986.6  | Path: 0 -> 941 -> 0
Trip #391 | Load: 859.1  | Path: 0 -> 578 -> 0
Trip #392 | Load: 806.0  | Path: 0 -> 405 -> 0
Trip #393 | Load: 496.8  | Path: 0 -> 319 -> 0
Trip #394 | Load: 625.1  | Path: 0 -> 455 -> 0
Trip #395 | Load: 1088.2 | Path: 0 -> 447 -> 250 -> 428 -> 0
Trip #396 | Load: 100.4  | Path: 0 -> 983 -> 0
Trip #397 | Load: 70.1   | Path: 0 -> 342 -> 0
Trip #398 | Load: 13.4   | Path: 0 -> 539 -> 0
Trip #399 | Load: 197.8  | Path: 0 -> 246 -> 0
Trip #400 | Load: 420.3  | Path: 0 -> 512 -> 0
Trip #401 | Load: 89.8   | Path: 0 -> 349 -> 0
Trip #402 | Load: 425.7  | Path: 0 -> 164 -> 0
Trip #403 | Load: 330.5  | Path: 0 -> 409 -> 0
Trip #404 | Load: 697.1  | Path: 0 -> 571 -> 83 -> 0
Trip #405 | Load: 350.6  | Path: 0 -> 22 -> 120 -> 0
Trip #406 | Load: 429.2  | Path: 0 -> 636 -> 0
Trip #407 | Load: 896.0  | Path: 0 -> 785 -> 562 -> 0
Trip #408 | Load: 68.3   | Path: 0 -> 419 -> 0
Trip #409 | Load: 886.4  | Path: 0 -> 364 -> 0
Trip #410 | Load: 853.8  | Path: 0 -> 682 -> 0
Trip #411 | Load: 414.0  | Path: 0 -> 177 -> 0
Trip #412 | Load: 572.4  | Path: 0 -> 93 -> 0
Trip #413 | Load: 600.1  | Path: 0 -> 982 -> 967 -> 0
Trip #414 | Load: 694.2  | Path: 0 -> 380 -> 0
Trip #415 | Load: 334.8  | Path: 0 -> 734 -> 0
Trip #416 | Load: 1173.2 | Path: 0 -> 226 -> 762 -> 0
Trip #417 | Load: 572.0  | Path: 0 -> 446 -> 0
Trip #418 | Load: 457.1  | Path: 0 -> 25 -> 0
Trip #419 | Load: 1656.8 | Path: 0 -> 365 -> 396 -> 0
Trip #420 | Load: 1258.3 | Path: 0 -> 996 -> 727 -> 0
Trip #421 | Load: 547.4  | Path: 0 -> 48 -> 0
Trip #422 | Load: 150.0  | Path: 0 -> 912 -> 0
Trip #423 | Load: 339.7  | Path: 0 -> 283 -> 0
Trip #424 | Load: 380.9  | Path: 0 -> 851 -> 0
Trip #425 | Load: 770.4  | Path: 0 -> 153 -> 0
Trip #426 | Load: 367.2  | Path: 0 -> 369 -> 0
Trip #427 | Load: 1014.4 | Path: 0 -> 964 -> 34 -> 0
Trip #428 | Load: 548.7  | Path: 0 -> 354 -> 0
Trip #429 | Load: 493.3  | Path: 0 -> 613 -> 0
Trip #430 | Load: 25.2   | Path: 0 -> 887 -> 0
Trip #431 | Load: 233.3  | Path: 0 -> 847 -> 0
Trip #432 | Load: 525.6  | Path: 0 -> 760 -> 0
Trip #433 | Load: 1127.7 | Path: 0 -> 352 -> 459 -> 0
Trip #434 | Load: 233.3  | Path: 0 -> 608 -> 0
Trip #435 | Load: 747.6  | Path: 0 -> 324 -> 609 -> 0
Trip #436 | Load: 987.0  | Path: 0 -> 694 -> 0
Trip #437 | Load: 250.6  | Path: 0 -> 544 -> 0
Trip #438 | Load: 250.3  | Path: 0 -> 874 -> 0
Trip #439 | Load: 259.3  | Path: 0 -> 199 -> 0
Trip #440 | Load: 100.9  | Path: 0 -> 568 -> 0
Trip #441 | Load: 602.8  | Path: 0 -> 155 -> 0
Trip #442 | Load: 797.5  | Path: 0 -> 961 -> 0
Trip #443 | Load: 966.5  | Path: 0 -> 588 -> 772 -> 0
Trip #444 | Load: 802.9  | Path: 0 -> 488 -> 0
Trip #445 | Load: 164.0  | Path: 0 -> 521 -> 0
Trip #446 | Load: 596.3  | Path: 0 -> 804 -> 0
Trip #447 | Load: 748.8  | Path: 0 -> 235 -> 0
Trip #448 | Load: 944.3  | Path: 0 -> 560 -> 525 -> 0
Trip #449 | Load: 249.0  | Path: 0 -> 24 -> 0
Trip #450 | Load: 745.9  | Path: 0 -> 679 -> 0
Trip #451 | Load: 753.3  | Path: 0 -> 403 -> 0
Trip #452 | Load: 131.6  | Path: 0 -> 102 -> 0
Trip #453 | Load: 492.0  | Path: 0 -> 860 -> 321 -> 0
Trip #454 | Load: 840.9  | Path: 0 -> 661 -> 0
Trip #455 | Load: 931.5  | Path: 0 -> 420 -> 0
Trip #456 | Load: 482.9  | Path: 0 -> 214 -> 0
Trip #457 | Load: 361.2  | Path: 0 -> 745 -> 0
Trip #458 | Load: 966.2  | Path: 0 -> 255 -> 0
Trip #459 | Load: 527.9  | Path: 0 -> 460 -> 0
Trip #460 | Load: 119.9  | Path: 0 -> 805 -> 0
Trip #461 | Load: 648.9  | Path: 0 -> 777 -> 0
Trip #462 | Load: 1171.9 | Path: 0 -> 945 -> 773 -> 0
Trip #463 | Load: 106.8  | Path: 0 -> 659 -> 0
Trip #464 | Load: 847.8  | Path: 0 -> 381 -> 0
Trip #465 | Load: 227.2  | Path: 0 -> 716 -> 0
Trip #466 | Load: 418.9  | Path: 0 -> 946 -> 0
Trip #467 | Load: 595.6  | Path: 0 -> 477 -> 832 -> 0
Trip #468 | Load: 399.2  | Path: 0 -> 673 -> 0
Trip #469 | Load: 558.0  | Path: 0 -> 572 -> 0
Trip #470 | Load: 959.6  | Path: 0 -> 622 -> 0
Trip #471 | Load: 353.9  | Path: 0 -> 798 -> 0
Trip #472 | Load: 1464.9 | Path: 0 -> 256 -> 37 -> 0
Trip #473 | Load: 568.2  | Path: 0 -> 339 -> 0
Trip #474 | Load: 986.7  | Path: 0 -> 262 -> 0
Trip #475 | Load: 464.9  | Path: 0 -> 637 -> 0
Trip #476 | Load: 316.4  | Path: 0 -> 764 -> 0
Trip #477 | Load: 679.4  | Path: 0 -> 462 -> 0
Trip #478 | Load: 638.8  | Path: 0 -> 237 -> 676 -> 0
Trip #479 | Load: 49.8   | Path: 0 -> 774 -> 0
Trip #480 | Load: 375.9  | Path: 0 -> 546 -> 0
Trip #481 | Load: 404.9  | Path: 0 -> 448 -> 0
Trip #482 | Load: 988.5  | Path: 0 -> 794 -> 0
Trip #483 | Load: 325.1  | Path: 0 -> 947 -> 0
Trip #484 | Load: 693.8  | Path: 0 -> 813 -> 0
Trip #485 | Load: 162.6  | Path: 0 -> 771 -> 0
Trip #486 | Load: 127.4  | Path: 0 -> 266 -> 0
Trip #487 | Load: 1070.7 | Path: 0 -> 517 -> 747 -> 641 -> 0
Trip #488 | Load: 759.1  | Path: 0 -> 59 -> 248 -> 0
Trip #489 | Load: 320.8  | Path: 0 -> 238 -> 0
Trip #490 | Load: 1227.7 | Path: 0 -> 241 -> 66 -> 0
Trip #491 | Load: 201.0  | Path: 0 -> 82 -> 0
Trip #492 | Load: 145.0  | Path: 0 -> 606 -> 0
Trip #493 | Load: 393.9  | Path: 0 -> 699 -> 0
Trip #494 | Load: 246.1  | Path: 0 -> 844 -> 0
Trip #495 | Load: 1442.4 | Path: 0 -> 337 -> 329 -> 0
Trip #496 | Load: 970.0  | Path: 0 -> 547 -> 0
Trip #497 | Load: 280.1  | Path: 0 -> 123 -> 0
Trip #498 | Load: 875.2  | Path: 0 -> 980 -> 0
Trip #499 | Load: 854.5  | Path: 0 -> 918 -> 0
Trip #500 | Load: 303.6  | Path: 0 -> 242 -> 630 -> 0
Trip #501 | Load: 105.1  | Path: 0 -> 864 -> 0
Trip #502 | Load: 1072.8 | Path: 0 -> 534 -> 316 -> 143 -> 0
Trip #503 | Load: 472.7  | Path: 0 -> 677 -> 0
Trip #504 | Load: 1437.4 | Path: 0 -> 371 -> 412 -> 0
Trip #505 | Load: 773.1  | Path: 0 -> 614 -> 0
Trip #506 | Load: 697.6  | Path: 0 -> 435 -> 0
Trip #507 | Load: 147.4  | Path: 0 -> 891 -> 0
Trip #508 | Load: 2282.5 | Path: 0 -> 704 -> 1 -> 797 -> 0
Trip #509 | Load: 394.7  | Path: 0 -> 26 -> 0
Trip #510 | Load: 838.3  | Path: 0 -> 183 -> 0
Trip #511 | Load: 675.1  | Path: 0 -> 85 -> 0
Trip #512 | Load: 255.3  | Path: 0 -> 244 -> 0
Trip #513 | Load: 323.9  | Path: 0 -> 205 -> 0
Trip #514 | Load: 386.5  | Path: 0 -> 245 -> 0
Trip #515 | Load: 44.1   | Path: 0 -> 298 -> 0
Trip #516 | Load: 458.3  | Path: 0 -> 872 -> 0
Trip #517 | Load: 947.5  | Path: 0 -> 219 -> 0
Trip #518 | Load: 835.7  | Path: 0 -> 348 -> 0
Trip #519 | Load: 652.5  | Path: 0 -> 417 -> 861 -> 0
Trip #520 | Load: 606.9  | Path: 0 -> 105 -> 0
Trip #521 | Load: 277.9  | Path: 0 -> 505 -> 0
Trip #522 | Load: 257.9  | Path: 0 -> 965 -> 0
Trip #523 | Load: 420.7  | Path: 0 -> 900 -> 0
Trip #524 | Load: 950.7  | Path: 0 -> 600 -> 0
Trip #525 | Load: 873.1  | Path: 0 -> 461 -> 0
Trip #526 | Load: 487.6  | Path: 0 -> 415 -> 0
Trip #527 | Load: 515.6  | Path: 0 -> 32 -> 0
Trip #528 | Load: 437.7  | Path: 0 -> 439 -> 0
Trip #529 | Load: 380.7  | Path: 0 -> 278 -> 110 -> 0
Trip #530 | Load: 774.2  | Path: 0 -> 138 -> 0
Trip #531 | Load: 280.2  | Path: 0 -> 73 -> 0
Trip #532 | Load: 448.8  | Path: 0 -> 161 -> 0
Trip #533 | Load: 740.1  | Path: 0 -> 793 -> 0
Trip #534 | Load: 670.0  | Path: 0 -> 877 -> 663 -> 0
Trip #535 | Load: 704.1  | Path: 0 -> 284 -> 0
Trip #536 | Load: 504.6  | Path: 0 -> 63 -> 0
Trip #537 | Load: 911.9  | Path: 0 -> 880 -> 257 -> 0
Trip #538 | Load: 940.4  | Path: 0 -> 507 -> 0
Trip #539 | Load: 987.2  | Path: 0 -> 387 -> 0
Trip #540 | Load: 826.6  | Path: 0 -> 834 -> 0
Trip #541 | Load: 898.5  | Path: 0 -> 225 -> 0
Trip #542 | Load: 930.7  | Path: 0 -> 974 -> 0
Trip #543 | Load: 621.8  | Path: 0 -> 871 -> 0
Trip #544 | Load: 1575.7 | Path: 0 -> 361 -> 654 -> 0
Trip #545 | Load: 328.5  | Path: 0 -> 169 -> 0
Trip #546 | Load: 286.0  | Path: 0 -> 685 -> 0
Trip #547 | Load: 698.7  | Path: 0 -> 758 -> 0
Trip #548 | Load: 210.5  | Path: 0 -> 38 -> 78 -> 0
Trip #549 | Load: 772.5  | Path: 0 -> 197 -> 341 -> 509 -> 0
Trip #550 | Load: 633.8  | Path: 0 -> 379 -> 500 -> 0
Trip #551 | Load: 150.1  | Path: 0 -> 903 -> 0
Trip #552 | Load: 646.8  | Path: 0 -> 194 -> 627 -> 130 -> 0
Trip #553 | Load: 329.7  | Path: 0 -> 884 -> 0
Trip #554 | Load: 343.3  | Path: 0 -> 96 -> 0
Trip #555 | Load: 1623.5 | Path: 0 -> 670 -> 707 -> 558 -> 0
Trip #556 | Load: 499.8  | Path: 0 -> 552 -> 0
Trip #557 | Load: 443.2  | Path: 0 -> 208 -> 0
Trip #558 | Load: 368.7  | Path: 0 -> 523 -> 0
Trip #559 | Load: 480.3  | Path: 0 -> 56 -> 0
Trip #560 | Load: 472.7  | Path: 0 -> 296 -> 858 -> 0
Trip #561 | Load: 772.7  | Path: 0 -> 487 -> 0
Trip #562 | Load: 684.2  | Path: 0 -> 835 -> 0
Trip #563 | Load: 445.5  | Path: 0 -> 47 -> 0
Trip #564 | Load: 682.2  | Path: 0 -> 411 -> 0
Trip #565 | Load: 614.6  | Path: 0 -> 607 -> 0
Trip #566 | Load: 798.6  | Path: 0 -> 948 -> 0
Trip #567 | Load: 770.6  | Path: 0 -> 800 -> 0
Trip #568 | Load: 756.9  | Path: 0 -> 132 -> 0
Trip #569 | Load: 294.7  | Path: 0 -> 550 -> 0
Trip #570 | Load: 563.8  | Path: 0 -> 522 -> 0
Trip #571 | Load: 258.4  | Path: 0 -> 397 -> 0
Trip #572 | Load: 81.7   | Path: 0 -> 754 -> 0
Trip #573 | Load: 445.8  | Path: 0 -> 586 -> 0
Trip #574 | Load: 435.2  | Path: 0 -> 819 -> 0
Trip #575 | Load: 298.1  | Path: 0 -> 408 -> 0
Trip #576 | Load: 1351.6 | Path: 0 -> 839 -> 999 -> 0
Trip #577 | Load: 1612.4 | Path: 0 -> 287 -> 752 -> 0
Trip #578 | Load: 718.3  | Path: 0 -> 207 -> 0
Trip #579 | Load: 728.8  | Path: 0 -> 297 -> 0
Trip #580 | Load: 426.8  | Path: 0 -> 355 -> 0
Trip #581 | Load: 690.1  | Path: 0 -> 336 -> 0
Trip #582 | Load: 767.7  | Path: 0 -> 849 -> 0
Trip #583 | Load: 437.6  | Path: 0 -> 542 -> 0
Trip #584 | Load: 756.7  | Path: 0 -> 302 -> 0
Trip #585 | Load: 994.3  | Path: 0 -> 148 -> 0
Trip #586 | Load: 609.1  | Path: 0 -> 490 -> 0
Trip #587 | Load: 895.3  | Path: 0 -> 667 -> 0
Trip #588 | Load: 939.6  | Path: 0 -> 856 -> 0
Trip #589 | Load: 283.8  | Path: 0 -> 11 -> 353 -> 0
Trip #590 | Load: 258.1  | Path: 0 -> 172 -> 0
Trip #591 | Load: 543.4  | Path: 0 -> 966 -> 0
Trip #592 | Load: 375.8  | Path: 0 -> 605 -> 628 -> 0
Trip #593 | Load: 965.9  | Path: 0 -> 840 -> 320 -> 0
Trip #594 | Load: 751.3  | Path: 0 -> 573 -> 0
Trip #595 | Load: 415.4  | Path: 0 -> 865 -> 0
Trip #596 | Load: 381.9  | Path: 0 -> 692 -> 0
Trip #597 | Load: 506.2  | Path: 0 -> 975 -> 0
Trip #598 | Load: 238.3  | Path: 0 -> 382 -> 0
Trip #599 | Load: 210.6  | Path: 0 -> 809 -> 557 -> 0
Trip #600 | Load: 1519.9 | Path: 0 -> 883 -> 180 -> 0
Trip #601 | Load: 929.3  | Path: 0 -> 146 -> 0
Trip #602 | Load: 591.8  | Path: 0 -> 469 -> 0
Trip #603 | Load: 190.3  | Path: 0 -> 398 -> 0
Trip #604 | Load: 518.4  | Path: 0 -> 955 -> 0
Trip #605 | Load: 351.9  | Path: 0 -> 610 -> 0
Trip #606 | Load: 1308.4 | Path: 0 -> 267 -> 277 -> 0
Trip #607 | Load: 606.6  | Path: 0 -> 984 -> 0
Trip #608 | Load: 352.1  | Path: 0 -> 784 -> 0
Trip #609 | Load: 505.0  | Path: 0 -> 70 -> 0
Trip #610 | Load: 707.0  | Path: 0 -> 739 -> 0
Trip #611 | Load: 565.4  | Path: 0 -> 803 -> 173 -> 0
Trip #612 | Load: 900.2  | Path: 0 -> 95 -> 0
Trip #613 | Load: 950.1  | Path: 0 -> 554 -> 0
Trip #614 | Load: 656.0  | Path: 0 -> 994 -> 483 -> 0
Trip #615 | Load: 818.0  | Path: 0 -> 678 -> 0
Trip #616 | Load: 226.5  | Path: 0 -> 660 -> 0
Trip #617 | Load: 819.6  | Path: 0 -> 499 -> 0
Trip #618 | Load: 689.1  | Path: 0 -> 701 -> 0
Trip #619 | Load: 1332.4 | Path: 0 -> 567 -> 231 -> 503 -> 0
Trip #620 | Load: 974.5  | Path: 0 -> 897 -> 0
Trip #621 | Load: 1390.3 | Path: 0 -> 757 -> 854 -> 328 -> 0
Trip #622 | Load: 1683.9 | Path: 0 -> 620 -> 537 -> 0
Trip #623 | Load: 200.6  | Path: 0 -> 289 -> 0
Trip #624 | Load: 209.8  | Path: 0 -> 327 -> 0
Trip #625 | Load: 520.2  | Path: 0 -> 474 -> 0
Trip #626 | Load: 386.0  | Path: 0 -> 790 -> 0
Trip #627 | Load: 1186.0 | Path: 0 -> 669 -> 990 -> 0
Trip #628 | Load: 1359.7 | Path: 0 -> 510 -> 89 -> 0
Trip #629 | Load: 948.9  | Path: 0 -> 301 -> 0
Trip #630 | Load: 336.9  | Path: 0 -> 50 -> 0
Trip #631 | Load: 886.8  | Path: 0 -> 611 -> 0
Trip #632 | Load: 708.5  | Path: 0 -> 292 -> 0
Trip #633 | Load: 860.7  | Path: 0 -> 715 -> 0
Trip #634 | Load: 631.7  | Path: 0 -> 530 -> 0
Trip #635 | Load: 588.6  | Path: 0 -> 928 -> 0
Trip #636 | Load: 493.0  | Path: 0 -> 802 -> 0
Trip #637 | Load: 339.7  | Path: 0 -> 127 -> 0
Trip #638 | Load: 374.3  | Path: 0 -> 20 -> 0
Trip #639 | Load: 824.1  | Path: 0 -> 178 -> 0
Trip #640 | Load: 953.0  | Path: 0 -> 3 -> 0
Trip #641 | Load: 340.4  | Path: 0 -> 543 -> 0
Trip #642 | Load: 675.7  | Path: 0 -> 768 -> 0
Trip #643 | Load: 528.1  | Path: 0 -> 52 -> 919 -> 58 -> 0
Trip #644 | Load: 757.6  | Path: 0 -> 430 -> 0
Trip #645 | Load: 1064.2 | Path: 0 -> 761 -> 867 -> 0
Trip #646 | Load: 852.8  | Path: 0 -> 92 -> 0
Trip #647 | Load: 770.3  | Path: 0 -> 149 -> 0
Trip #648 | Load: 39.7   | Path: 0 -> 229 -> 0
Trip #649 | Load: 168.8  | Path: 0 -> 725 -> 0
Trip #650 | Load: 430.2  | Path: 0 -> 394 -> 171 -> 0
Trip #651 | Load: 828.4  | Path: 0 -> 431 -> 0
Trip #652 | Load: 1155.6 | Path: 0 -> 247 -> 730 -> 0
Trip #653 | Load: 193.8  | Path: 0 -> 478 -> 0
Trip #654 | Load: 492.1  | Path: 0 -> 665 -> 0
Trip #655 | Load: 898.2  | Path: 0 -> 310 -> 0
Trip #656 | Load: 1133.8 | Path: 0 -> 191 -> 908 -> 491 -> 0
Trip #657 | Load: 2299.6 | Path: 0 -> 753 -> 504 -> 43 -> 0
Trip #658 | Load: 941.4  | Path: 0 -> 888 -> 0
Trip #659 | Load: 271.2  | Path: 0 -> 838 -> 0
Trip #660 | Load: 486.6  | Path: 0 -> 304 -> 0
Trip #661 | Load: 651.7  | Path: 0 -> 21 -> 0
Trip #662 | Load: 875.9  | Path: 0 -> 693 -> 0
Trip #663 | Load: 161.2  | Path: 0 -> 989 -> 0
Trip #664 | Load: 879.5  | Path: 0 -> 165 -> 0
Trip #665 | Load: 355.8  | Path: 0 -> 221 -> 0
Trip #666 | Load: 212.5  | Path: 0 -> 498 -> 0
Trip #667 | Load: 855.6  | Path: 0 -> 74 -> 0
Trip #668 | Load: 511.6  | Path: 0 -> 690 -> 0
Trip #669 | Load: 812.7  | Path: 0 -> 829 -> 0
Trip #670 | Load: 1132.7 | Path: 0 -> 493 -> 621 -> 443 -> 0
Trip #671 | Load: 472.4  | Path: 0 -> 674 -> 0
Trip #672 | Load: 549.1  | Path: 0 -> 519 -> 0
Trip #673 | Load: 869.2  | Path: 0 -> 275 -> 0
Trip #674 | Load: 1268.1 | Path: 0 -> 230 -> 981 -> 0
Trip #675 | Load: 352.6  | Path: 0 -> 175 -> 0
Trip #676 | Load: 45.8   | Path: 0 -> 388 -> 0
Trip #677 | Load: 598.3  | Path: 0 -> 195 -> 0
Trip #678 | Load: 339.0  | Path: 0 -> 484 -> 0
Trip #679 | Load: 417.5  | Path: 0 -> 413 -> 0
Trip #680 | Load: 94.0   | Path: 0 -> 741 -> 0
Trip #681 | Load: 229.1  | Path: 0 -> 623 -> 0
Trip #682 | Load: 410.9  | Path: 0 -> 724 -> 0
Trip #683 | Load: 119.4  | Path: 0 -> 875 -> 0
Trip #684 | Load: 1858.3 | Path: 0 -> 377 -> 326 -> 0
Trip #685 | Load: 263.5  | Path: 0 -> 325 -> 0
Trip #686 | Load: 597.1  | Path: 0 -> 818 -> 0
Trip #687 | Load: 588.2  | Path: 0 -> 846 -> 0
Trip #688 | Load: 337.0  | Path: 0 -> 956 -> 0
Trip #689 | Load: 355.9  | Path: 0 -> 723 -> 0
Trip #690 | Load: 862.7  | Path: 0 -> 347 -> 0
Trip #691 | Load: 1278.2 | Path: 0 -> 824 -> 937 -> 0
Trip #692 | Load: 804.2  | Path: 0 -> 876 -> 433 -> 0
Trip #693 | Load: 618.0  | Path: 0 -> 893 -> 0
Trip #694 | Load: 747.0  | Path: 0 -> 563 -> 0
Trip #695 | Load: 291.8  | Path: 0 -> 645 -> 0
Trip #696 | Load: 378.5  | Path: 0 -> 28 -> 0
Trip #697 | Load: 863.1  | Path: 0 -> 644 -> 0
Trip #698 | Load: 988.7  | Path: 0 -> 671 -> 479 -> 0
Trip #699 | Load: 599.6  | Path: 0 -> 259 -> 444 -> 0
Trip #700 | Load: 441.6  | Path: 0 -> 14 -> 0
Trip #701 | Load: 981.0  | Path: 0 -> 45 -> 0
Trip #702 | Load: 384.6  | Path: 0 -> 901 -> 0
Trip #703 | Load: 807.1  | Path: 0 -> 103 -> 0
Trip #704 | Load: 861.9  | Path: 0 -> 594 -> 830 -> 0
Trip #705 | Load: 8.5    | Path: 0 -> 922 -> 0
Trip #706 | Load: 531.2  | Path: 0 -> 76 -> 0
Trip #707 | Load: 429.0  | Path: 0 -> 335 -> 0
Trip #708 | Load: 91.6   | Path: 0 -> 64 -> 0
Trip #709 | Load: 1326.5 | Path: 0 -> 384 -> 626 -> 167 -> 0
Trip #710 | Load: 1041.5 | Path: 0 -> 261 -> 668 -> 615 -> 0
Trip #711 | Load: 846.5  | Path: 0 -> 650 -> 0
Trip #712 | Load: 844.4  | Path: 0 -> 140 -> 0
Trip #713 | Load: 185.0  | Path: 0 -> 217 -> 340 -> 0
Trip #714 | Load: 648.7  | Path: 0 -> 280 -> 0
Trip #715 | Load: 433.6  | Path: 0 -> 842 -> 0
Trip #716 | Load: 722.4  | Path: 0 -> 458 -> 576 -> 0
Trip #717 | Load: 1018.5 | Path: 0 -> 648 -> 957 -> 987 -> 0
Trip #718 | Load: 900.4  | Path: 0 -> 425 -> 0
Trip #719 | Load: 488.8  | Path: 0 -> 589 -> 870 -> 0
Trip #720 | Load: 587.9  | Path: 0 -> 437 -> 0
Trip #721 | Load: 1473.5 | Path: 0 -> 591 -> 227 -> 0
Trip #722 | Load: 765.0  | Path: 0 -> 139 -> 0
Trip #723 | Load: 922.4  | Path: 0 -> 215 -> 0
Trip #724 | Load: 51.3   | Path: 0 -> 476 -> 0
Trip #725 | Load: 154.3  | Path: 0 -> 683 -> 0
Trip #726 | Load: 823.2  | Path: 0 -> 619 -> 0
Trip #727 | Load: 818.4  | Path: 0 -> 187 -> 0
Trip #728 | Load: 530.9  | Path: 0 -> 29 -> 0
Trip #729 | Load: 1498.5 | Path: 0 -> 108 -> 481 -> 0
Trip #730 | Load: 1668.9 | Path: 0 -> 236 -> 402 -> 0
Trip #731 | Load: 917.0  | Path: 0 -> 501 -> 755 -> 0
Trip #732 | Load: 815.1  | Path: 0 -> 943 -> 0
Trip #733 | Load: 714.4  | Path: 0 -> 97 -> 759 -> 0
Trip #734 | Load: 836.0  | Path: 0 -> 791 -> 0
Trip #735 | Load: 760.2  | Path: 0 -> 642 -> 0
Trip #736 | Load: 654.3  | Path: 0 -> 977 -> 0
Trip #737 | Load: 171.2  | Path: 0 -> 709 -> 0
Trip #738 | Load: 538.0  | Path: 0 -> 456 -> 0
Trip #739 | Load: 377.1  | Path: 0 -> 850 -> 0
Trip #740 | Load: 472.0  | Path: 0 -> 263 -> 719 -> 0
Trip #741 | Load: 325.3  | Path: 0 -> 306 -> 0
Trip #742 | Load: 472.3  | Path: 0 -> 936 -> 0
Trip #743 | Load: 606.6  | Path: 0 -> 457 -> 0
Trip #744 | Load: 913.4  | Path: 0 -> 596 -> 0
Trip #745 | Load: 2023.5 | Path: 0 -> 927 -> 271 -> 705 -> 0
Trip #746 | Load: 826.9  | Path: 0 -> 333 -> 0
Trip #747 | Load: 651.1  | Path: 0 -> 4 -> 0
Trip #748 | Load: 33.0   | Path: 0 -> 18 -> 0
Trip #749 | Load: 460.6  | Path: 0 -> 736 -> 0
Trip #750 | Load: 1866.7 | Path: 0 -> 104 -> 218 -> 0
Trip #751 | Load: 949.9  | Path: 0 -> 234 -> 0
Trip #752 | Load: 929.2  | Path: 0 -> 44 -> 0
Trip #753 | Load: 749.0  | Path: 0 -> 822 -> 427 -> 0
Trip #754 | Load: 923.4  | Path: 0 -> 494 -> 0
Trip #755 | Load: 995.6  | Path: 0 -> 570 -> 0
Trip #756 | Load: 823.1  | Path: 0 -> 639 -> 0
Trip #757 | Load: 507.7  | Path: 0 -> 541 -> 0
Trip #758 | Load: 1227.7 | Path: 0 -> 695 -> 315 -> 0
Trip #759 | Load: 198.3  | Path: 0 -> 617 -> 0
Trip #760 | Load: 210.1  | Path: 0 -> 638 -> 0
Trip #761 | Load: 580.9  | Path: 0 -> 331 -> 0
Trip #762 | Load: 945.5  | Path: 0 -> 61 -> 0
Trip #763 | Load: 815.2  | Path: 0 -> 853 -> 0
Trip #764 | Load: 2242.2 | Path: 0 -> 141 -> 929 -> 825 -> 0
Trip #765 | Load: 790.5  | Path: 0 -> 454 -> 0
Trip #766 | Load: 92.1   | Path: 0 -> 346 -> 350 -> 0
Trip #767 | Load: 739.4  | Path: 0 -> 686 -> 0
Trip #768 | Load: 453.4  | Path: 0 -> 655 -> 0
Trip #769 | Load: 116.8  | Path: 0 -> 5 -> 0
Trip #770 | Load: 296.1  | Path: 0 -> 595 -> 0
Trip #771 | Load: 972.0  | Path: 0 -> 711 -> 0
Trip #772 | Load: 43.3   | Path: 0 -> 46 -> 0
Trip #773 | Load: 807.6  | Path: 0 -> 722 -> 0
Trip #774 | Load: 1740.9 | Path: 0 -> 449 -> 810 -> 718 -> 0
Trip #775 | Load: 150.8  | Path: 0 -> 376 -> 0
Trip #776 | Load: 223.3  | Path: 0 -> 942 -> 0
Trip #777 | Load: 1253.9 | Path: 0 -> 749 -> 440 -> 0
Trip #778 | Load: 202.9  | Path: 0 -> 131 -> 0
Trip #779 | Load: 73.4   | Path: 0 -> 765 -> 0
Trip #780 | Load: 739.3  | Path: 0 -> 826 -> 0
Trip #781 | Load: 799.4  | Path: 0 -> 154 -> 0
Trip #782 | Load: 1142.7 | Path: 0 -> 526 -> 133 -> 0
Trip #783 | Load: 417.5  | Path: 0 -> 664 -> 186 -> 0
Trip #784 | Load: 98.8   | Path: 0 -> 157 -> 0
Trip #785 | Load: 575.3  | Path: 0 -> 643 -> 0
Trip #786 | Load: 664.7  | Path: 0 -> 438 -> 0
Trip #787 | Load: 14.8   | Path: 0 -> 23 -> 0
