COMPUTATIONAL INTELLIGENCE PROJECT REPORT
=========================================
Student: s347245
Parameters: Alpha=1.00, Beta=1.00, Density=0.22, Cities=100
Execution Time: 3.1757 seconds
=========================================

PERFORMANCE COMPARISON
-------------------------
 - Baseline Cost:       25,266.4
 - Algorithm Cost:      25,240.5
 - Absolute Improvement: 25.9
 - % Improvement:       0.10%
 - Result:              IMPROVEMENT

CITY COVERAGE DETAIL:
City ID    | Available    | % Collected  | Visits  
--------------------------------------------------
1          | 777.6        | 100.0        | 10      
2          | 971.9        | 100.0        | 1       
3          | 501.2        | 100.0        | 8       
4          | 144.8        | 100.0        | 2       
5          | 14.9         | 100.0        | 1       
6          | 230.4        | 100.0        | 1       
7          | 132.7        | 100.0        | 5       
8          | 678.0        | 100.0        | 2       
9          | 122.7        | 100.0        | 1       
10         | 506.8        | 100.0        | 1       
11         | 694.6        | 100.0        | 1       
12         | 581.5        | 100.0        | 1       
13         | 200.6        | 100.0        | 1       
14         | 804.3        | 100.0        | 1       
15         | 715.7        | 100.0        | 1       
16         | 739.2        | 100.0        | 1       
17         | 131.9        | 100.0        | 1       
18         | 124.6        | 100.0        | 2       
19         | 927.6        | 100.0        | 1       
20         | 398.2        | 100.0        | 2       
21         | 301.6        | 100.0        | 1       
22         | 489.1        | 100.0        | 2       
23         | 663.2        | 100.0        | 1       
24         | 955.7        | 100.0        | 1       
25         | 287.2        | 100.0        | 2       
26         | 924.9        | 100.0        | 1       
27         | 25.8         | 100.0        | 2       
28         | 555.6        | 100.0        | 1       
29         | 634.3        | 100.0        | 1       
30         | 106.8        | 100.0        | 1       
31         | 141.2        | 100.0        | 1       
32         | 419.7        | 100.0        | 1       
33         | 966.3        | 100.0        | 14      
34         | 596.4        | 100.0        | 1       
35         | 933.1        | 100.0        | 1       
36         | 804.6        | 100.0        | 3       
37         | 467.9        | 100.0        | 1       
38         | 785.0        | 100.0        | 22      
39         | 18.8         | 100.0        | 1       
40         | 110.0        | 100.0        | 19      
41         | 829.6        | 100.0        | 1       
42         | 797.0        | 100.0        | 1       
43         | 233.4        | 100.0        | 1       
44         | 531.2        | 100.0        | 1       
45         | 606.4        | 100.0        | 1       
46         | 867.9        | 100.0        | 1       
47         | 603.5        | 100.0        | 3       
48         | 413.2        | 100.0        | 1       
49         | 374.8        | 100.0        | 1       
50         | 426.5        | 100.0        | 1       
51         | 652.3        | 100.0        | 2       
52         | 867.6        | 100.0        | 1       
53         | 454.4        | 100.0        | 48      
54         | 248.6        | 100.0        | 2       
55         | 237.4        | 100.0        | 8       
56         | 746.3        | 100.0        | 4       
57         | 816.8        | 100.0        | 3       
58         | 106.2        | 100.0        | 1       
59         | 67.5         | 100.0        | 1       
60         | 594.8        | 100.0        | 1       
61         | 147.0        | 100.0        | 1       
62         | 824.8        | 100.0        | 2       
63         | 311.0        | 100.0        | 2       
64         | 144.7        | 100.0        | 2       
65         | 921.0        | 100.0        | 1       
66         | 166.4        | 100.0        | 6       
67         | 285.4        | 100.0        | 1       
68         | 154.5        | 100.0        | 1       
69         | 116.4        | 100.0        | 1       
70         | 22.1         | 100.0        | 1       
71         | 56.3         | 100.0        | 1       
72         | 175.5        | 100.0        | 18      
73         | 54.3         | 100.0        | 1       
74         | 591.6        | 100.0        | 1       
75         | 681.0        | 100.0        | 1       
76         | 394.2        | 100.0        | 5       
77         | 318.7        | 100.0        | 4       
78         | 505.0        | 100.0        | 8       
79         | 875.1        | 100.0        | 2       
80         | 851.3        | 100.0        | 1       
81         | 44.4         | 100.0        | 1       
82         | 182.3        | 100.0        | 6       
83         | 237.5        | 100.0        | 1       
84         | 250.1        | 100.0        | 1       
85         | 571.7        | 100.0        | 3       
86         | 416.8        | 100.0        | 1       
87         | 50.2         | 100.0        | 1       
88         | 374.2        | 100.0        | 1       
89         | 524.2        | 100.0        | 4       
90         | 102.6        | 100.0        | 1       
91         | 833.6        | 100.0        | 3       
92         | 52.9         | 100.0        | 1       
93         | 924.9        | 100.0        | 2       
94         | 100.0        | 100.0        | 1       
95         | 843.7        | 100.0        | 1       
96         | 902.8        | 100.0        | 1       
97         | 979.6        | 100.0        | 1       
98         | 802.2        | 100.0        | 1       
99         | 779.7        | 100.0        | 1       

TRIP LOG:
Trip #   | Load         | Path
------------------------------------------------------------
Trip #1   | Load: 802.2  | Path: 0 -> 38 -> 78 -> 98 -> 78 -> 38 -> 0
Trip #2   | Load: 141.2  | Path: 0 -> 40 -> 31 -> 40 -> 0
Trip #3   | Load: 256.3  | Path: 0 -> 1 -> 27 -> 6 -> 27 -> 1 -> 0
Trip #4   | Load: 1590.8 | Path: 0 -> 40 -> 79 -> 15 -> 79 -> 40 -> 0
Trip #5   | Load: 18.8   | Path: 0 -> 38 -> 39 -> 38 -> 0
Trip #6   | Load: 67.5   | Path: 0 -> 40 -> 56 -> 59 -> 56 -> 40 -> 0
Trip #7   | Load: 772.4  | Path: 0 -> 38 -> 78 -> 20 -> 88 -> 20 -> 78 -> 38 -> 0
Trip #8   | Load: 374.8  | Path: 0 -> 38 -> 49 -> 38 -> 0
Trip #9   | Load: 902.4  | Path: 0 -> 51 -> 84 -> 51 -> 0
Trip #10  | Load: 816.8  | Path: 0 -> 38 -> 57 -> 38 -> 0
Trip #11  | Load: 921.0  | Path: 0 -> 65 -> 0
Trip #12  | Load: 851.3  | Path: 0 -> 38 -> 57 -> 80 -> 57 -> 38 -> 0
Trip #13  | Load: 1073.7 | Path: 0 -> 38 -> 4 -> 18 -> 14 -> 18 -> 4 -> 38 -> 0
Trip #14  | Load: 741.2  | Path: 0 -> 64 -> 34 -> 64 -> 0
Trip #15  | Load: 618.4  | Path: 0 -> 3 -> 5 -> 47 -> 76 -> 0
Trip #16  | Load: 971.9  | Path: 0 -> 76 -> 47 -> 62 -> 61 -> 62 -> 47 -> 76 -> 0
Trip #17  | Load: 467.9  | Path: 0 -> 38 -> 37 -> 38 -> 0
Trip #18  | Load: 779.7  | Path: 0 -> 53 -> 99 -> 53 -> 0
Trip #19  | Load: 663.2  | Path: 0 -> 40 -> 23 -> 40 -> 0
Trip #20  | Load: 2000.5 | Path: 0 -> 53 -> 33 -> 66 -> 46 -> 66 -> 33 -> 53 -> 0
Trip #21  | Load: 52.9   | Path: 0 -> 40 -> 92 -> 40 -> 0
Trip #22  | Load: 833.6  | Path: 0 -> 53 -> 33 -> 91 -> 33 -> 53 -> 0
Trip #23  | Load: 106.8  | Path: 0 -> 53 -> 33 -> 66 -> 30 -> 66 -> 33 -> 53 -> 0
Trip #24  | Load: 106.2  | Path: 0 -> 1 -> 58 -> 1 -> 0
Trip #25  | Load: 571.7  | Path: 0 -> 53 -> 85 -> 53 -> 0
Trip #26  | Load: 829.6  | Path: 0 -> 40 -> 41 -> 40 -> 0
Trip #27  | Load: 285.4  | Path: 0 -> 53 -> 67 -> 53 -> 0
Trip #28  | Load: 370.1  | Path: 0 -> 53 -> 72 -> 55 -> 7 -> 55 -> 72 -> 53 -> 0
Trip #29  | Load: 1388.3 | Path: 0 -> 93 -> 87 -> 48 -> 93 -> 0
Trip #30  | Load: 154.5  | Path: 0 -> 53 -> 33 -> 91 -> 68 -> 91 -> 33 -> 53 -> 0
Trip #31  | Load: 233.4  | Path: 0 -> 53 -> 72 -> 43 -> 72 -> 53 -> 0
Trip #32  | Load: 794.4  | Path: 0 -> 53 -> 72 -> 55 -> 8 -> 69 -> 8 -> 55 -> 72 -> 53 -> 0
Trip #33  | Load: 804.6  | Path: 0 -> 36 -> 0
Trip #34  | Load: 581.5  | Path: 0 -> 36 -> 12 -> 36 -> 0
Trip #35  | Load: 955.7  | Path: 0 -> 53 -> 72 -> 24 -> 72 -> 53 -> 0
Trip #36  | Load: 200.6  | Path: 0 -> 53 -> 72 -> 13 -> 72 -> 53 -> 0
Trip #37  | Load: 314.2  | Path: 0 -> 53 -> 82 -> 17 -> 82 -> 53 -> 0
Trip #38  | Load: 301.6  | Path: 0 -> 53 -> 82 -> 21 -> 82 -> 53 -> 0
Trip #39  | Load: 506.8  | Path: 0 -> 53 -> 33 -> 10 -> 33 -> 53 -> 0
Trip #40  | Load: 591.6  | Path: 0 -> 53 -> 74 -> 53 -> 0
Trip #41  | Load: 1551.4 | Path: 0 -> 53 -> 72 -> 25 -> 29 -> 25 -> 72 -> 53 -> 0
Trip #42  | Load: 110.0  | Path: 0 -> 40 -> 0
Trip #43  | Load: 100.0  | Path: 0 -> 53 -> 33 -> 66 -> 94 -> 66 -> 33 -> 53 -> 0
Trip #44  | Load: 843.7  | Path: 0 -> 40 -> 95 -> 40 -> 0
Trip #45  | Load: 122.7  | Path: 0 -> 40 -> 9 -> 40 -> 0
Trip #46  | Load: 501.2  | Path: 0 -> 3 -> 0
Trip #47  | Load: 56.3   | Path: 0 -> 53 -> 82 -> 71 -> 82 -> 53 -> 0
Trip #48  | Load: 44.4   | Path: 0 -> 53 -> 72 -> 55 -> 7 -> 81 -> 7 -> 55 -> 72 -> 53 -> 0
Trip #49  | Load: 1290.6 | Path: 0 -> 63 -> 97 -> 63 -> 0
Trip #50  | Load: 22.1   | Path: 0 -> 53 -> 72 -> 70 -> 72 -> 53 -> 0
Trip #51  | Load: 797.0  | Path: 0 -> 42 -> 0
Trip #52  | Load: 419.7  | Path: 0 -> 53 -> 33 -> 32 -> 33 -> 53 -> 0
Trip #53  | Load: 1220.4 | Path: 0 -> 38 -> 54 -> 2 -> 54 -> 38 -> 0
Trip #54  | Load: 606.4  | Path: 0 -> 53 -> 85 -> 45 -> 85 -> 53 -> 0
Trip #55  | Load: 849.9  | Path: 0 -> 77 -> 44 -> 77 -> 0
Trip #56  | Load: 694.6  | Path: 0 -> 11 -> 0
Trip #57  | Load: 1673.9 | Path: 0 -> 40 -> 56 -> 19 -> 56 -> 40 -> 0
Trip #58  | Load: 739.2  | Path: 0 -> 53 -> 72 -> 55 -> 7 -> 16 -> 7 -> 55 -> 72 -> 53 -> 0
Trip #59  | Load: 416.8  | Path: 0 -> 77 -> 86 -> 77 -> 0
Trip #60  | Load: 902.8  | Path: 0 -> 96 -> 0
Trip #61  | Load: 1327.3 | Path: 0 -> 76 -> 35 -> 76 -> 0
Trip #62  | Load: 1344.3 | Path: 0 -> 38 -> 78 -> 73 -> 78 -> 38 -> 0
Trip #63  | Load: 555.6  | Path: 0 -> 38 -> 78 -> 28 -> 78 -> 38 -> 0
Trip #64  | Load: 594.8  | Path: 0 -> 3 -> 60 -> 3 -> 0
Trip #65  | Load: 237.5  | Path: 0 -> 3 -> 89 -> 83 -> 89 -> 3 -> 0
Trip #66  | Load: 950.7  | Path: 0 -> 3 -> 89 -> 50 -> 89 -> 3 -> 0
Trip #67  | Load: 102.6  | Path: 0 -> 90 -> 0
Trip #68  | Load: 1170.1 | Path: 0 -> 1 -> 22 -> 75 -> 22 -> 1 -> 0
Trip #69  | Load: 1645.3 | Path: 0 -> 1 -> 52 -> 1 -> 0
Trip #70  | Load: 924.9  | Path: 0 -> 1 -> 26 -> 1 -> 0

FINAL SOLUTION PATH:
------------------------------------------------------------
[(0, 0.0), (38, 0.0), (78, 0.0), (98, 802.2238543933199), (78, 0.0), (38, 0.0),
 (0, 0.0), (40, 0.0), (31, 141.19925746684874), (40, 0.0), (0, 0.0), (1, 0.0),
 (27, 0.0), (6, 230.4263739688564), (27, 25.83463189487006), (1, 0.0), (0, 0.0),
 (40, 0.0), (79, 0.0), (15, 715.6917224861859), (79, 875.1299372923739),
 (40, 0.0), (0, 0.0), (38, 0.0), (39, 18.818947193010747), (38, 0.0), (0, 0.0),
 (40, 0.0), (56, 0.0), (59, 67.49229809822297), (56, 0.0), (40, 0.0), (0, 0.0),
 (38, 0.0), (78, 0.0), (20, 0.0), (88, 374.240524321112),
 (20, 398.1806156311157), (78, 0.0), (38, 0.0), (0, 0.0), (38, 0.0),
 (49, 374.8098593637755), (38, 0.0), (0, 0.0), (51, 0.0),
 (84, 250.1381882563796), (51, 652.2790945543942), (0, 0.0), (38, 0.0),
 (57, 816.7521946604865), (38, 0.0), (0, 0.0), (65, 921.0495020149627),
 (0, 0.0), (38, 0.0), (57, 0.0), (80, 851.2804951953838), (57, 0.0), (38, 0.0),
 (0, 0.0), (38, 0.0), (4, 0.0), (18, 0.0), (14, 804.3204016560804),
 (18, 124.63004984669426), (4, 144.75360504869954), (38, 0.0), (0, 0.0),
 (64, 0.0), (34, 596.4465106811384), (64, 144.72806103817152), (0, 0.0),
 (3, 0.0), (5, 14.922351420493342), (47, 603.5040501813869), (76, 0.0),
 (0, 0.0), (76, 0.0), (47, 0.0), (62, 0.0), (61, 147.02707094850558),
 (62, 824.839526265885), (47, 0.0), (76, 0.0), (0, 0.0), (38, 0.0),
 (37, 467.9142199537362), (38, 0.0), (0, 0.0), (53, 0.0),
 (99, 779.6980632305576), (53, 0.0), (0, 0.0), (40, 0.0),
 (23, 663.2013485508188), (40, 0.0), (0, 0.0), (53, 0.0), (33, 0.0), (66, 0.0),
 (46, 867.8712148222352), (66, 166.36619101254288), (33, 966.2656802310386),
 (53, 0.0), (0, 0.0), (40, 0.0), (92, 52.90990459863915), (40, 0.0), (0, 0.0),
 (53, 0.0), (33, 0.0), (91, 833.6250952347712), (33, 0.0), (53, 0.0), (0, 0.0),
 (53, 0.0), (33, 0.0), (66, 0.0), (30, 106.79150634700254), (66, 0.0),
 (33, 0.0), (53, 0.0), (0, 0.0), (1, 0.0), (58, 106.17280177427084), (1, 0.0),
 (0, 0.0), (53, 0.0), (85, 571.66141909103), (53, 0.0), (0, 0.0), (40, 0.0),
 (41, 829.5991862678536), (40, 0.0), (0, 0.0), (53, 0.0),
 (67, 285.4353622555976), (53, 0.0), (0, 0.0), (53, 0.0), (72, 0.0), (55, 0.0),
 (7, 132.69039556873452), (55, 237.42570063458356), (72, 0.0), (53, 0.0),
 (0, 0.0), (93, 0.0), (87, 50.204865807666394), (48, 413.15899770440666),
 (93, 924.917027149044), (0, 0.0), (53, 0.0), (33, 0.0), (91, 0.0),
 (68, 154.45978179686657), (91, 0.0), (33, 0.0), (53, 0.0), (0, 0.0), (53, 0.0),
 (72, 0.0), (43, 233.40810122446726), (72, 0.0), (53, 0.0), (0, 0.0), (53, 0.0),
 (72, 0.0), (55, 0.0), (8, 0.0), (69, 116.37457360168962),
 (8, 677.9810149392446), (55, 0.0), (72, 0.0), (53, 0.0), (0, 0.0),
 (36, 804.5565546973578), (0, 0.0), (36, 0.0), (12, 581.5354926116814),
 (36, 0.0), (0, 0.0), (53, 0.0), (72, 0.0), (24, 955.667633789923), (72, 0.0),
 (53, 0.0), (0, 0.0), (53, 0.0), (72, 0.0), (13, 200.57587600839756), (72, 0.0),
 (53, 0.0), (0, 0.0), (53, 0.0), (82, 0.0), (17, 131.92669380575595),
 (82, 182.31691118692757), (53, 0.0), (0, 0.0), (53, 0.0), (82, 0.0),
 (21, 301.6477430891588), (82, 0.0), (53, 0.0), (0, 0.0), (53, 0.0), (33, 0.0),
 (10, 506.8236016890124), (33, 0.0), (53, 0.0), (0, 0.0), (53, 0.0),
 (74, 591.5526722948603), (53, 0.0), (0, 0.0), (53, 0.0), (72, 0.0), (25, 0.0),
 (29, 634.3411365694041), (25, 287.15978065517294), (72, 175.46682946491683),
 (53, 454.44298519422347), (0, 0.0), (40, 110.0348527689692), (0, 0.0),
 (53, 0.0), (33, 0.0), (66, 0.0), (94, 100.01402843829563), (66, 0.0),
 (33, 0.0), (53, 0.0), (0, 0.0), (40, 0.0), (95, 843.731376646155), (40, 0.0),
 (0, 0.0), (40, 0.0), (9, 122.7106721239026), (40, 0.0), (0, 0.0),
 (3, 501.24044501614), (0, 0.0), (53, 0.0), (82, 0.0), (71, 56.34001375509585),
 (82, 0.0), (53, 0.0), (0, 0.0), (53, 0.0), (72, 0.0), (55, 0.0), (7, 0.0),
 (81, 44.43158695077915), (7, 0.0), (55, 0.0), (72, 0.0), (53, 0.0), (0, 0.0),
 (63, 0.0), (97, 979.5911099060061), (63, 311.0243392501504), (0, 0.0),
 (53, 0.0), (72, 0.0), (70, 22.126868320103593), (72, 0.0), (53, 0.0), (0, 0.0),
 (42, 797.0202712368366), (0, 0.0), (53, 0.0), (33, 0.0),
 (32, 419.6952049969875), (33, 0.0), (53, 0.0), (0, 0.0), (38, 0.0), (54, 0.0),
 (2, 971.8545996349064), (54, 248.59172338840676), (38, 0.0), (0, 0.0),
 (53, 0.0), (85, 0.0), (45, 606.4098048793109), (85, 0.0), (53, 0.0), (0, 0.0),
 (77, 0.0), (44, 531.2388210084545), (77, 318.6731058550974), (0, 0.0),
 (11, 694.5681732072436), (0, 0.0), (40, 0.0), (56, 0.0),
 (19, 927.6349884555011), (56, 746.2682659632029), (40, 0.0), (0, 0.0),
 (53, 0.0), (72, 0.0), (55, 0.0), (7, 0.0), (16, 739.2450199116262), (7, 0.0),
 (55, 0.0), (72, 0.0), (53, 0.0), (0, 0.0), (77, 0.0), (86, 416.8461632774891),
 (77, 0.0), (0, 0.0), (96, 902.7504907836894), (0, 0.0), (76, 0.0),
 (35, 933.090198378611), (76, 394.2368263751962), (0, 0.0), (38, 0.0),
 (78, 0.0), (73, 54.32855069454821), (78, 505.02171078520786),
 (38, 784.9786858029353), (0, 0.0), (38, 0.0), (78, 0.0),
 (28, 555.6428442844979), (78, 0.0), (38, 0.0), (0, 0.0), (3, 0.0),
 (60, 594.8392300926953), (3, 0.0), (0, 0.0), (3, 0.0), (89, 0.0),
 (83, 237.50812623329162), (89, 0.0), (3, 0.0), (0, 0.0), (3, 0.0), (89, 0.0),
 (50, 426.45620428713636), (89, 524.2291957689196), (3, 0.0), (0, 0.0),
 (90, 102.57023100081226), (0, 0.0), (1, 0.0), (22, 0.0),
 (75, 681.0338122727069), (22, 489.0954613061818), (1, 0.0), (0, 0.0), (1, 0.0),
 (52, 867.6231411205725), (1, 777.6274334029364), (0, 0.0), (1, 0.0),
 (26, 924.883620882715), (1, 0.0), (0, 0.0)]
